                      * c:\esimavkk\flashadc\flashadc.cir
                      Transient Analysis  Sat Oct 08 15:36:52  2022
--------------------------------------------------------------------------------
Index   time            v1#branch       v2#branch       v3#branch       
--------------------------------------------------------------------------------
0	0.000000e+00	0.000000e+00	-6.68715e-04	-9.06122e-15	
1	1.000000e-04	-1.13413e-13	-6.68715e-04	3.963116e-15	
2	2.000000e-04	-1.27189e-13	-6.68715e-04	4.743544e-15	
3	4.000000e-04	-1.38068e-13	-6.68715e-04	4.374250e-15	
4	8.000000e-04	-1.51566e-13	-6.68715e-04	4.376542e-15	
5	1.600000e-03	-1.61914e-13	-6.68715e-04	3.677754e-15	
6	3.200000e-03	-1.64575e-13	-6.68715e-04	3.048015e-15	
7	6.400000e-03	-1.63657e-13	-6.68715e-04	6.267287e-15	
8	1.280000e-02	-1.63193e-13	-6.68715e-04	3.756763e-15	
9	2.280000e-02	-1.61070e-13	-6.68715e-04	1.757094e-15	
10	3.280000e-02	-1.58687e-13	-6.68715e-04	2.130825e-15	
11	4.280000e-02	-1.55304e-13	-6.68715e-04	1.629151e-15	
12	5.280000e-02	-1.51579e-13	-6.68715e-04	7.050937e-16	
13	6.280000e-02	-1.46990e-13	-6.68715e-04	1.626524e-16	
14	7.280000e-02	-1.42032e-13	-6.68715e-04	-4.89298e-17	
15	8.280000e-02	-1.36342e-13	-6.68715e-04	-2.87733e-16	
16	9.280000e-02	-1.30294e-13	-6.68715e-04	-3.93625e-16	
17	1.028000e-01	-1.23647e-13	-6.68715e-04	-7.75912e-16	
18	1.128000e-01	-1.16692e-13	-6.68715e-04	-9.99425e-16	
19	1.228000e-01	-1.09238e-13	-6.68715e-04	-1.50564e-15	
20	1.328000e-01	-1.01578e-13	-6.68715e-04	-2.28359e-15	
21	1.428000e-01	-9.35197e-14	-6.68715e-04	-2.52755e-15	
22	1.528000e-01	-8.53332e-14	-6.68715e-04	-2.52590e-15	
23	1.628000e-01	-7.68718e-14	-6.68715e-04	-2.47126e-15	
24	1.728000e-01	-6.83422e-14	-6.68715e-04	-2.74644e-15	
25	1.828000e-01	-5.96315e-14	-6.68715e-04	-4.44565e-15	
26	1.928000e-01	-5.08907e-14	-6.68715e-04	-4.40574e-15	
27	2.028000e-01	-4.20722e-14	-6.68715e-04	-3.86373e-15	
28	2.128000e-01	-3.32244e-14	-6.68715e-04	-4.49725e-15	
29	2.228000e-01	-2.43479e-14	-6.68715e-04	-4.71666e-15	
30	2.328000e-01	-1.54668e-14	-6.68715e-04	-5.21425e-15	
31	2.428000e-01	-6.56604e-15	-6.68715e-04	-6.09127e-15	
32	2.528000e-01	2.322453e-15	-6.68715e-04	-6.61468e-15	
33	2.628000e-01	1.121479e-14	-6.68715e-04	-6.39147e-15	
34	2.728000e-01	2.012221e-14	-6.68715e-04	-6.10541e-15	
35	2.828000e-01	2.897318e-14	-6.68715e-04	-6.68608e-15	
36	2.928000e-01	3.786112e-14	-6.68715e-04	-7.27603e-15	
37	3.028000e-01	4.666608e-14	-6.68715e-04	-8.18208e-15	
38	3.128000e-01	5.547524e-14	-6.68715e-04	-8.51658e-15	
39	3.228000e-01	6.415887e-14	-6.68715e-04	-8.50386e-15	
40	3.328000e-01	7.281304e-14	-6.68715e-04	-8.66067e-15	
41	3.428000e-01	8.127024e-14	-6.68715e-04	-8.75939e-15	
42	3.528000e-01	8.963366e-14	-6.68715e-04	-8.94633e-15	
43	3.628000e-01	9.771263e-14	-6.68715e-04	-9.47551e-15	
44	3.728000e-01	1.055974e-13	-6.68715e-04	-9.43306e-15	
45	3.828000e-01	1.131255e-13	-6.68715e-04	-1.02680e-14	
46	3.928000e-01	1.203612e-13	-6.68715e-04	-9.80916e-15	
47	4.028000e-01	1.271090e-13	-6.68715e-04	-1.07934e-14	
48	4.128000e-01	1.335051e-13	-6.68715e-04	-1.11183e-14	
49	4.228000e-01	1.393109e-13	-6.68715e-04	-1.12617e-14	
50	4.328000e-01	1.446974e-13	-6.68715e-04	-1.13119e-14	
51	4.428000e-01	1.493860e-13	-6.68715e-04	-1.11011e-14	
52	4.528000e-01	1.536217e-13	-6.68715e-04	-1.15488e-14	
53	4.628000e-01	1.570932e-13	-6.68715e-04	-1.12666e-14	
54	4.728000e-01	1.600532e-13	-6.68715e-04	-1.13113e-14	

Index   time            v1#branch       v2#branch       v3#branch       
--------------------------------------------------------------------------------
55	4.828000e-01	1.622335e-13	-6.68715e-04	-1.14356e-14	
56	4.928000e-01	1.638528e-13	-6.68715e-04	-1.19769e-14	
57	5.028000e-01	1.646763e-13	-6.68715e-04	-1.20860e-14	
58	5.128000e-01	1.649226e-13	-6.68715e-04	-1.17632e-14	
59	5.228000e-01	1.643468e-13	-6.68715e-04	-1.15228e-14	
60	5.328000e-01	1.632139e-13	-6.68715e-04	-1.13881e-14	
61	5.428000e-01	1.612562e-13	-6.68715e-04	-1.14800e-14	
62	5.528000e-01	1.587445e-13	-6.68715e-04	-1.13245e-14	
63	5.628000e-01	1.554182e-13	-6.68715e-04	-1.13383e-14	
64	5.728000e-01	1.515770e-13	-6.68715e-04	-1.01470e-14	
65	5.828000e-01	1.469223e-13	-6.68715e-04	-9.65783e-15	
66	5.928000e-01	1.418078e-13	-6.68715e-04	-9.24426e-15	
67	6.028000e-01	1.359227e-13	-6.68715e-04	-9.93516e-15	
68	6.128000e-01	1.295908e-13	-6.68715e-04	-8.65182e-15	
69	6.228000e-01	1.225630e-13	-6.68715e-04	-9.18183e-15	
70	6.328000e-01	1.151439e-13	-6.68715e-04	-8.59545e-15	
71	6.428000e-01	1.070730e-13	-6.68715e-04	-8.66957e-15	
72	6.528000e-01	9.869301e-14	-6.68715e-04	-8.17187e-15	
73	6.628000e-01	8.972720e-14	-6.68715e-04	-8.46470e-15	
74	6.728000e-01	8.051963e-14	-6.68715e-04	-8.01166e-15	
75	6.828000e-01	7.080639e-14	-6.68715e-04	-7.73500e-15	
76	6.928000e-01	6.092837e-14	-6.68715e-04	-6.75259e-15	
77	7.028000e-01	5.065225e-14	-6.68715e-04	-6.51959e-15	
78	7.128000e-01	4.026768e-14	-6.68715e-04	-6.27996e-15	
79	7.228000e-01	2.959532e-14	-6.68715e-04	-5.55729e-15	
80	7.328000e-01	1.890781e-14	-6.68715e-04	-5.14778e-15	
81	7.428000e-01	8.023293e-15	-6.68715e-04	-3.76719e-15	
82	7.528000e-01	-2.78943e-15	-6.68715e-04	-3.41725e-15	
83	7.628000e-01	-1.37058e-14	-6.68715e-04	-3.38205e-15	
84	7.728000e-01	-2.44101e-14	-6.68715e-04	-3.41231e-15	
85	7.828000e-01	-3.52053e-14	-6.68715e-04	-3.14119e-15	
86	7.928000e-01	-4.56140e-14	-6.68715e-04	-2.86155e-15	
87	8.028000e-01	-5.60707e-14	-6.68715e-04	-2.65745e-15	
88	8.128000e-01	-6.60245e-14	-6.68715e-04	-1.94160e-15	
89	8.228000e-01	-7.59553e-14	-6.68715e-04	-2.48535e-15	
90	8.328000e-01	-8.52652e-14	-6.68715e-04	-1.36727e-15	
91	8.428000e-01	-9.45112e-14	-6.68715e-04	-1.45824e-15	
92	8.528000e-01	-1.03013e-13	-6.68715e-04	-1.45334e-15	
93	8.628000e-01	-1.11418e-13	-6.68715e-04	-1.04805e-15	
94	8.728000e-01	-1.18980e-13	-6.68715e-04	9.885105e-17	
95	8.828000e-01	-1.26372e-13	-6.68715e-04	-1.82159e-16	
96	8.928000e-01	-1.32880e-13	-6.68715e-04	-8.13079e-17	
97	9.028000e-01	-1.39141e-13	-6.68715e-04	-1.61540e-16	
98	9.128000e-01	-1.44473e-13	-6.68715e-04	2.287696e-18	
99	9.228000e-01	-1.49518e-13	-6.68715e-04	5.525259e-16	
100	9.328000e-01	-1.53596e-13	-6.68715e-04	9.529619e-16	
101	9.428000e-01	-1.57325e-13	-6.68715e-04	9.482444e-16	
102	9.528000e-01	-1.60075e-13	-6.68715e-04	6.458105e-16	
103	9.628000e-01	-1.62459e-13	-6.68715e-04	7.202593e-16	
104	9.728000e-01	-1.63838e-13	-6.68715e-04	7.506396e-16	
105	9.828000e-01	-1.64832e-13	-6.68715e-04	6.664111e-16	
106	9.928000e-01	-1.64830e-13	-6.68715e-04	1.056231e-15	
107	1.002800e+00	-1.64439e-13	-6.68715e-04	1.053241e-15	
108	1.012800e+00	-1.63046e-13	-6.68715e-04	1.034833e-15	
109	1.022800e+00	-1.61292e-13	-6.68715e-04	6.182497e-16	
110	1.032800e+00	-1.58551e-13	-6.68715e-04	3.823479e-16	
111	1.042800e+00	-1.55469e-13	-6.68715e-04	2.936666e-16	
112	1.052800e+00	-1.51459e-13	-6.68715e-04	3.327729e-16	

Index   time            v1#branch       v2#branch       v3#branch       
--------------------------------------------------------------------------------
113	1.062800e+00	-1.47120e-13	-6.68715e-04	-2.12055e-16	
114	1.072800e+00	-1.41924e-13	-6.68715e-04	-4.97728e-16	
115	1.082800e+00	-1.36452e-13	-6.68715e-04	-7.49120e-16	
116	1.092800e+00	-1.30198e-13	-6.68715e-04	-4.19659e-16	
117	1.102800e+00	-1.23752e-13	-6.68715e-04	-6.42831e-16	
118	1.112800e+00	-1.16589e-13	-6.68715e-04	-8.22360e-16	
119	1.122800e+00	-1.09342e-13	-6.68715e-04	-1.72174e-15	
120	1.132800e+00	-1.01481e-13	-6.68715e-04	-2.16840e-15	
121	1.142800e+00	-9.36157e-14	-6.68715e-04	-2.37668e-15	
122	1.152800e+00	-8.52386e-14	-6.68715e-04	-2.63960e-15	
123	1.162800e+00	-7.69653e-14	-6.68715e-04	-2.59778e-15	
124	1.172800e+00	-6.82530e-14	-6.68715e-04	-2.57809e-15	
125	1.182800e+00	-5.97186e-14	-6.68715e-04	-3.38150e-15	
126	1.192800e+00	-5.08095e-14	-6.68715e-04	-3.72013e-15	
127	1.202800e+00	-4.21524e-14	-6.68715e-04	-3.63007e-15	
128	1.212800e+00	-3.31436e-14	-6.68715e-04	-3.72572e-15	
129	1.222800e+00	-2.44300e-14	-6.68715e-04	-4.61859e-15	
130	1.232800e+00	-1.53869e-14	-6.68715e-04	-5.13846e-15	
131	1.242800e+00	-6.64250e-15	-6.68715e-04	-5.74014e-15	
132	1.252800e+00	2.400496e-15	-6.68715e-04	-6.41026e-15	
133	1.262800e+00	1.113741e-14	-6.68715e-04	-6.68653e-15	
134	1.272800e+00	2.019567e-14	-6.68715e-04	-6.47913e-15	
135	1.282800e+00	2.889655e-14	-6.68715e-04	-6.75510e-15	
136	1.292800e+00	3.794412e-14	-6.68715e-04	-7.06400e-15	
137	1.302800e+00	4.657880e-14	-6.68715e-04	-8.32973e-15	
138	1.312800e+00	5.556229e-14	-6.68715e-04	-8.29469e-15	
139	1.322800e+00	6.407097e-14	-6.68715e-04	-8.74039e-15	
140	1.332800e+00	7.290498e-14	-6.68715e-04	-8.44711e-15	
141	1.342800e+00	8.117474e-14	-6.68715e-04	-8.66262e-15	
142	1.352800e+00	8.972945e-14	-6.68715e-04	-8.75827e-15	
143	1.362800e+00	9.761618e-14	-6.68715e-04	-9.58445e-15	
144	1.372800e+00	1.056958e-13	-6.68715e-04	-9.43681e-15	
145	1.382800e+00	1.130296e-13	-6.68715e-04	-1.00628e-14	
146	1.392800e+00	1.204504e-13	-6.68715e-04	-1.00895e-14	
147	1.402800e+00	1.270226e-13	-6.68715e-04	-1.09167e-14	
148	1.412800e+00	1.335925e-13	-6.68715e-04	-1.11121e-14	
149	1.422800e+00	1.392248e-13	-6.68715e-04	-1.13455e-14	
150	1.432800e+00	1.447826e-13	-6.68715e-04	-1.13192e-14	
151	1.442800e+00	1.492986e-13	-6.68715e-04	-1.10214e-14	
152	1.452800e+00	1.537092e-13	-6.68715e-04	-1.12985e-14	
153	1.462800e+00	1.570043e-13	-6.68715e-04	-1.12795e-14	
154	1.472800e+00	1.601456e-13	-6.68715e-04	-1.11987e-14	
155	1.482800e+00	1.621420e-13	-6.68715e-04	-1.14166e-14	
156	1.492800e+00	1.639438e-13	-6.68715e-04	-1.19823e-14	
157	1.502800e+00	1.645838e-13	-6.68715e-04	-1.20949e-14	
158	1.512800e+00	1.650139e-13	-6.68715e-04	-1.16122e-14	
159	1.522800e+00	1.642555e-13	-6.68715e-04	-1.16177e-14	
160	1.532800e+00	1.633046e-13	-6.68715e-04	-1.13856e-14	
161	1.542800e+00	1.611640e-13	-6.68715e-04	-1.13698e-14	
162	1.552800e+00	1.588396e-13	-6.68715e-04	-1.13388e-14	
163	1.562800e+00	1.553264e-13	-6.68715e-04	-1.13386e-14	
164	1.572800e+00	1.516631e-13	-6.68715e-04	-1.01515e-14	
165	1.582800e+00	1.468354e-13	-6.68715e-04	-9.79732e-15	
166	1.592800e+00	1.418976e-13	-6.68715e-04	-9.27901e-15	
167	1.602800e+00	1.358338e-13	-6.68715e-04	-9.92136e-15	
168	1.612800e+00	1.296799e-13	-6.68715e-04	-8.87418e-15	
169	1.622800e+00	1.224717e-13	-6.68715e-04	-9.19618e-15	
170	1.632800e+00	1.152373e-13	-6.68715e-04	-8.59223e-15	

Index   time            v1#branch       v2#branch       v3#branch       
--------------------------------------------------------------------------------
171	1.642800e+00	1.069812e-13	-6.68715e-04	-8.44768e-15	
172	1.652800e+00	9.878531e-14	-6.68715e-04	-8.15842e-15	
173	1.662800e+00	8.963107e-14	-6.68715e-04	-8.54870e-15	
174	1.672800e+00	8.061494e-14	-6.68715e-04	-8.01213e-15	
175	1.682800e+00	7.071117e-14	-6.68715e-04	-7.90152e-15	
176	1.692800e+00	6.102451e-14	-6.68715e-04	-6.75238e-15	
177	1.702800e+00	5.055805e-14	-6.68715e-04	-6.51243e-15	
178	1.712800e+00	4.035908e-14	-6.68715e-04	-6.28000e-15	
179	1.722800e+00	2.950750e-14	-6.68715e-04	-5.55721e-15	
180	1.732800e+00	1.899515e-14	-6.68715e-04	-5.14773e-15	
181	1.742800e+00	7.935847e-15	-6.68715e-04	-3.82296e-15	
182	1.752800e+00	-2.70068e-15	-6.68715e-04	-3.42441e-15	
183	1.762800e+00	-1.37976e-14	-6.68715e-04	-3.36514e-15	
184	1.772800e+00	-2.43171e-14	-6.68715e-04	-3.43689e-15	
185	1.782800e+00	-3.52992e-14	-6.68715e-04	-3.37926e-15	
186	1.792800e+00	-4.55201e-14	-6.68715e-04	-2.89640e-15	
187	1.802800e+00	-5.61630e-14	-6.68715e-04	-2.66787e-15	
188	1.812800e+00	-6.59316e-14	-6.68715e-04	-1.92784e-15	
189	1.822800e+00	-7.60480e-14	-6.68715e-04	-2.45811e-15	
190	1.832800e+00	-8.51741e-14	-6.68715e-04	-1.34046e-15	
191	1.842800e+00	-9.46010e-14	-6.68715e-04	-1.44165e-15	
192	1.852800e+00	-1.02927e-13	-6.68715e-04	-1.45415e-15	
193	1.862800e+00	-1.11504e-13	-6.68715e-04	-1.03107e-15	
194	1.872800e+00	-1.18891e-13	-6.68715e-04	-1.36768e-16	
195	1.882800e+00	-1.26463e-13	-6.68715e-04	-2.03156e-16	
196	1.892800e+00	-1.32789e-13	-6.68715e-04	-1.12683e-16	
197	1.902800e+00	-1.39230e-13	-6.68715e-04	-1.61058e-16	
198	1.912800e+00	-1.44384e-13	-6.68715e-04	1.660073e-17	
199	1.922800e+00	-1.49609e-13	-6.68715e-04	5.457901e-16	
200	1.932800e+00	-1.53501e-13	-6.68715e-04	9.639895e-16	
201	1.942800e+00	-1.57419e-13	-6.68715e-04	9.344792e-16	
202	1.952800e+00	-1.59985e-13	-6.68715e-04	6.481420e-16	
203	1.962800e+00	-1.62547e-13	-6.68715e-04	7.299336e-16	
204	1.972800e+00	-1.63750e-13	-6.68715e-04	6.391165e-16	
205	1.982800e+00	-1.64919e-13	-6.68715e-04	6.413459e-16	
206	1.992800e+00	-1.64746e-13	-6.68715e-04	1.089959e-15	
207	2.002800e+00	-1.64523e-13	-6.68715e-04	1.039030e-15	
208	2.012800e+00	-1.62958e-13	-6.68715e-04	1.021498e-15	
209	2.022800e+00	-1.61381e-13	-6.68715e-04	7.399525e-16	
210	2.032800e+00	-1.58459e-13	-6.68715e-04	2.957474e-16	
211	2.042800e+00	-1.55565e-13	-6.68715e-04	2.934989e-16	
212	2.052800e+00	-1.51363e-13	-6.68715e-04	1.938849e-16	
213	2.062800e+00	-1.47216e-13	-6.68715e-04	-2.25562e-16	
214	2.072800e+00	-1.41830e-13	-6.68715e-04	-5.53243e-16	
215	2.082800e+00	-1.36543e-13	-6.68715e-04	-7.45275e-16	
216	2.092800e+00	-1.30107e-13	-6.68715e-04	-4.12581e-16	
217	2.102800e+00	-1.23842e-13	-6.68715e-04	-6.50337e-16	
218	2.112800e+00	-1.16500e-13	-6.68715e-04	-8.09259e-16	
219	2.122800e+00	-1.09432e-13	-6.68715e-04	-1.71526e-15	
220	2.132800e+00	-1.01390e-13	-6.68715e-04	-2.10236e-15	
221	2.142800e+00	-9.37056e-14	-6.68715e-04	-2.57754e-15	
222	2.152800e+00	-8.51506e-14	-6.68715e-04	-2.44536e-15	
223	2.162800e+00	-7.70543e-14	-6.68715e-04	-2.60113e-15	
224	2.172800e+00	-6.81638e-14	-6.68715e-04	-2.62931e-15	
225	2.182800e+00	-5.98044e-14	-6.68715e-04	-3.40800e-15	
226	2.192800e+00	-5.07242e-14	-6.68715e-04	-3.77862e-15	
227	2.202800e+00	-4.22388e-14	-6.68715e-04	-3.43607e-15	
228	2.212800e+00	-3.30573e-14	-6.68715e-04	-4.05888e-15	

Index   time            v1#branch       v2#branch       v3#branch       
--------------------------------------------------------------------------------
229	2.222800e+00	-2.45147e-14	-6.68715e-04	-4.80919e-15	
230	2.232800e+00	-1.53019e-14	-6.68715e-04	-5.12469e-15	
231	2.242800e+00	-6.73174e-15	-6.68715e-04	-5.96636e-15	
232	2.252800e+00	2.489005e-15	-6.68715e-04	-6.41011e-15	
233	2.262800e+00	1.104959e-14	-6.68715e-04	-6.67112e-15	
234	2.272800e+00	2.028554e-14	-6.68715e-04	-6.36970e-15	
235	2.282800e+00	2.880961e-14	-6.68715e-04	-6.88243e-15	
236	2.292800e+00	3.802629e-14	-6.68715e-04	-6.95285e-15	
237	2.302800e+00	4.649967e-14	-6.68715e-04	-8.32934e-15	
238	2.312800e+00	5.563972e-14	-6.68715e-04	-8.08595e-15	
239	2.322800e+00	6.399354e-14	-6.68715e-04	-8.65327e-15	
240	2.332800e+00	7.298394e-14	-6.68715e-04	-8.39115e-15	
241	2.342800e+00	8.109532e-14	-6.68715e-04	-8.60681e-15	
242	2.352800e+00	8.980790e-14	-6.68715e-04	-8.74082e-15	
243	2.362800e+00	9.753823e-14	-6.68715e-04	-9.59808e-15	
244	2.372800e+00	1.057746e-13	-6.68715e-04	-9.43648e-15	
245	2.382800e+00	1.129511e-13	-6.68715e-04	-1.00626e-14	
246	2.392800e+00	1.205319e-13	-6.68715e-04	-1.01831e-14	
247	2.402800e+00	1.269368e-13	-6.68715e-04	-1.09136e-14	
248	2.412800e+00	1.336775e-13	-6.68715e-04	-1.10951e-14	
249	2.422800e+00	1.391419e-13	-6.68715e-04	-1.13453e-14	
250	2.432800e+00	1.448639e-13	-6.68715e-04	-1.13331e-14	
251	2.442800e+00	1.492179e-13	-6.68715e-04	-1.10180e-14	
252	2.452800e+00	1.537915e-13	-6.68715e-04	-1.14129e-14	
253	2.462800e+00	1.569214e-13	-6.68715e-04	-1.12657e-14	
254	2.472800e+00	1.602290e-13	-6.68715e-04	-1.13134e-14	
255	2.482800e+00	1.620564e-13	-6.68715e-04	-1.25825e-14	
256	2.492800e+00	1.640302e-13	-6.68715e-04	-1.19269e-14	
257	2.502800e+00	1.644952e-13	-6.68715e-04	-1.20949e-14	
258	2.512800e+00	1.651050e-13	-6.68715e-04	-1.17092e-14	
259	2.522800e+00	1.641626e-13	-6.68715e-04	-1.15065e-14	
260	2.532800e+00	1.633975e-13	-6.68715e-04	-1.13994e-14	
261	2.542800e+00	1.610744e-13	-6.68715e-04	-1.13972e-14	
262	2.552800e+00	1.589273e-13	-6.68715e-04	-1.13388e-14	
263	2.562800e+00	1.552356e-13	-6.68715e-04	-1.13249e-14	
264	2.572800e+00	1.517569e-13	-6.68715e-04	-1.02552e-14	
265	2.582800e+00	1.467457e-13	-6.68715e-04	-1.00189e-14	
266	2.592800e+00	1.419853e-13	-6.68715e-04	-9.28267e-15	
267	2.602800e+00	1.357429e-13	-6.68715e-04	-9.92192e-15	
268	2.612800e+00	1.297696e-13	-6.68715e-04	-8.98542e-15	
269	2.622800e+00	1.223872e-13	-6.68715e-04	-9.20972e-15	
270	2.632800e+00	1.153204e-13	-6.68715e-04	-8.59218e-15	
271	2.642800e+00	1.068949e-13	-6.68715e-04	-8.41339e-15	
272	2.652800e+00	9.887132e-14	-6.68715e-04	-8.15848e-15	
273	2.662800e+00	8.954710e-14	-6.68715e-04	-8.57610e-15	
274	2.672800e+00	8.070057e-14	-6.68715e-04	-8.00835e-15	
275	2.682800e+00	7.062380e-14	-6.68715e-04	-7.70727e-15	
276	2.692800e+00	6.111116e-14	-6.68715e-04	-6.76635e-15	
277	2.702800e+00	5.046955e-14	-6.68715e-04	-6.73439e-15	
278	2.712800e+00	4.045221e-14	-6.68715e-04	-6.16854e-15	
279	2.722800e+00	2.941143e-14	-6.68715e-04	-5.77906e-15	
280	2.732800e+00	1.909286e-14	-6.68715e-04	-5.14424e-15	
281	2.742800e+00	7.836598e-15	-6.68715e-04	-3.78470e-15	
282	2.752800e+00	-2.60155e-15	-6.68715e-04	-3.41740e-15	
283	2.762800e+00	-1.38969e-14	-6.68715e-04	-3.34756e-15	
284	2.772800e+00	-2.42164e-14	-6.68715e-04	-3.44699e-15	
285	2.782800e+00	-3.53985e-14	-6.68715e-04	-3.16527e-15	
286	2.792800e+00	-4.54251e-14	-6.68715e-04	-2.90702e-15	

Index   time            v1#branch       v2#branch       v3#branch       
--------------------------------------------------------------------------------
287	2.802800e+00	-5.62553e-14	-6.68715e-04	-2.64325e-15	
288	2.812800e+00	-6.58412e-14	-6.68715e-04	-1.91347e-15	
289	2.822800e+00	-7.61346e-14	-6.68715e-04	-2.45758e-15	
290	2.832800e+00	-8.50915e-14	-6.68715e-04	-1.45132e-15	
291	2.842800e+00	-9.46842e-14	-6.68715e-04	-1.49699e-15	
292	2.852800e+00	-1.02840e-13	-6.68715e-04	-1.47729e-15	
293	2.862800e+00	-1.11592e-13	-6.68715e-04	-1.03040e-15	
294	2.872800e+00	-1.18804e-13	-6.68715e-04	-1.22733e-16	
295	2.882800e+00	-1.26552e-13	-6.68715e-04	-1.71359e-16	
296	2.892800e+00	-1.32695e-13	-6.68715e-04	-5.23641e-17	
297	2.902800e+00	-1.39328e-13	-6.68715e-04	-1.88132e-16	
298	2.912800e+00	-1.44286e-13	-6.68715e-04	1.139451e-16	
299	2.922800e+00	-1.49707e-13	-6.68715e-04	4.978076e-16	
300	2.932800e+00	-1.53403e-13	-6.68715e-04	8.986023e-16	
301	2.942800e+00	-1.57514e-13	-6.68715e-04	8.796263e-16	
302	2.952800e+00	-1.59891e-13	-6.68715e-04	6.729177e-16	
303	2.962800e+00	-1.62639e-13	-6.68715e-04	7.200315e-16	
304	2.972800e+00	-1.63656e-13	-6.68715e-04	6.395299e-16	
305	2.982800e+00	-1.65019e-13	-6.68715e-04	6.683483e-16	
306	2.992800e+00	-1.64642e-13	-6.68715e-04	1.089909e-15	
307	3.002800e+00	-1.64628e-13	-6.68715e-04	1.081030e-15	
308	3.012800e+00	-1.62856e-13	-6.68715e-04	1.035303e-15	
309	3.022800e+00	-1.61477e-13	-6.68715e-04	7.269524e-16	
310	3.032800e+00	-1.58367e-13	-6.68715e-04	3.133182e-16	
311	3.042800e+00	-1.55655e-13	-6.68715e-04	1.820746e-16	
312	3.052800e+00	-1.51274e-13	-6.68715e-04	2.908141e-16	
313	3.062800e+00	-1.47307e-13	-6.68715e-04	-2.50501e-16	
314	3.072800e+00	-1.41735e-13	-6.68715e-04	-5.18452e-16	
315	3.082800e+00	-1.36641e-13	-6.68715e-04	-7.45635e-16	
316	3.092800e+00	-1.30010e-13	-6.68715e-04	-5.29511e-16	
317	3.102800e+00	-1.23937e-13	-6.68715e-04	-6.43082e-16	
318	3.112800e+00	-1.16404e-13	-6.68715e-04	-8.36897e-16	
319	3.122800e+00	-1.09530e-13	-6.68715e-04	-1.60514e-15	
320	3.132800e+00	-1.01294e-13	-6.68715e-04	-2.04800e-15	
321	3.142800e+00	-9.38015e-14	-6.68715e-04	-2.38400e-15	
322	3.152800e+00	-8.50556e-14	-6.68715e-04	-2.29349e-15	
323	3.162800e+00	-7.71488e-14	-6.68715e-04	-2.65393e-15	
324	3.172800e+00	-6.80686e-14	-6.68715e-04	-2.57449e-15	
325	3.182800e+00	-5.99021e-14	-6.68715e-04	-3.64492e-15	
326	3.192800e+00	-5.06266e-14	-6.68715e-04	-3.68206e-15	
327	3.202800e+00	-4.23332e-14	-6.68715e-04	-3.71339e-15	
328	3.212800e+00	-3.29651e-14	-6.68715e-04	-4.38883e-15	
329	3.222800e+00	-2.46070e-14	-6.68715e-04	-4.81326e-15	
330	3.232800e+00	-1.52093e-14	-6.68715e-04	-5.34689e-15	
331	3.242800e+00	-6.82234e-15	-6.68715e-04	-5.97344e-15	
332	3.252800e+00	2.579961e-15	-6.68715e-04	-6.36918e-15	
333	3.262800e+00	1.095674e-14	-6.68715e-04	-6.65867e-15	
334	3.272800e+00	2.037868e-14	-6.68715e-04	-6.41966e-15	
335	3.282800e+00	2.871387e-14	-6.68715e-04	-6.99761e-15	
336	3.292800e+00	3.812469e-14	-6.68715e-04	-7.15507e-15	
337	3.302800e+00	4.639848e-14	-6.68715e-04	-8.33303e-15	
338	3.312800e+00	5.574269e-14	-6.68715e-04	-8.14157e-15	
339	3.322800e+00	6.388933e-14	-6.68715e-04	-8.68442e-15	
340	3.332800e+00	7.308652e-14	-6.68715e-04	-8.57503e-15	
341	3.342800e+00	8.099674e-14	-6.68715e-04	-8.65840e-15	
342	3.352800e+00	8.990749e-14	-6.68715e-04	-8.51847e-15	
343	3.362800e+00	9.743658e-14	-6.68715e-04	-9.48734e-15	
344	3.372800e+00	1.058739e-13	-6.68715e-04	-9.43332e-15	

Index   time            v1#branch       v2#branch       v3#branch       
--------------------------------------------------------------------------------
345	3.382800e+00	1.128515e-13	-6.68715e-04	-1.00556e-14	
346	3.392800e+00	1.206327e-13	-6.68715e-04	-1.00924e-14	
347	3.402800e+00	1.268371e-13	-6.68715e-04	-1.08575e-14	
348	3.412800e+00	1.337780e-13	-6.68715e-04	-1.11260e-14	
349	3.422800e+00	1.390387e-13	-6.68715e-04	-1.15673e-14	
350	3.432800e+00	1.449693e-13	-6.68715e-04	-1.12183e-14	
351	3.442800e+00	1.491126e-13	-6.68715e-04	-1.12153e-14	
352	3.452800e+00	1.538944e-13	-6.68715e-04	-1.15308e-14	
353	3.462800e+00	1.568208e-13	-6.68715e-04	-1.12793e-14	
354	3.472800e+00	1.603312e-13	-6.68715e-04	-1.11742e-14	
355	3.482800e+00	1.619508e-13	-6.68715e-04	-1.25306e-14	
356	3.492800e+00	1.641349e-13	-6.68715e-04	-1.19304e-14	
357	3.502800e+00	1.643966e-13	-6.68715e-04	-1.20979e-14	
358	3.512800e+00	1.651990e-13	-6.68715e-04	-1.17300e-14	
359	3.522800e+00	1.640691e-13	-6.68715e-04	-1.15206e-14	
360	3.532800e+00	1.634926e-13	-6.68715e-04	-1.13992e-14	
361	3.542800e+00	1.609781e-13	-6.68715e-04	-1.13972e-14	
362	3.552800e+00	1.590238e-13	-6.68715e-04	-1.12694e-14	
363	3.562800e+00	1.551404e-13	-6.68715e-04	-1.12971e-14	
364	3.572800e+00	1.518499e-13	-6.68715e-04	-9.93616e-15	
365	3.582800e+00	1.466516e-13	-6.68715e-04	-9.73102e-15	
366	3.592800e+00	1.420802e-13	-6.68715e-04	-9.31713e-15	
367	3.602800e+00	1.356489e-13	-6.68715e-04	-9.94936e-15	
368	3.612800e+00	1.298642e-13	-6.68715e-04	-8.86032e-15	
369	3.622800e+00	1.222887e-13	-6.68715e-04	-9.18895e-15	
370	3.632800e+00	1.154201e-13	-6.68715e-04	-8.54338e-15	
371	3.642800e+00	1.067951e-13	-6.68715e-04	-8.38857e-15	
372	3.652800e+00	9.897409e-14	-6.68715e-04	-8.18566e-15	
373	3.662800e+00	8.944492e-14	-6.68715e-04	-8.49247e-15	
374	3.672800e+00	8.080245e-14	-6.68715e-04	-8.02917e-15	
375	3.682800e+00	7.052154e-14	-6.68715e-04	-7.88433e-15	
376	3.692800e+00	6.121267e-14	-6.68715e-04	-6.82892e-15	
377	3.702800e+00	5.036799e-14	-6.68715e-04	-6.49851e-15	
378	3.712800e+00	4.055310e-14	-6.68715e-04	-6.17895e-15	
379	3.722800e+00	2.931228e-14	-6.68715e-04	-5.56039e-15	
380	3.732800e+00	1.918925e-14	-6.68715e-04	-5.14428e-15	
381	3.742800e+00	7.741574e-15	-6.68715e-04	-3.78463e-15	
382	3.752800e+00	-2.50659e-15	-6.68715e-04	-3.41717e-15	
383	3.762800e+00	-1.39899e-14	-6.68715e-04	-3.36819e-15	
384	3.772800e+00	-2.41284e-14	-6.68715e-04	-3.47138e-15	
385	3.782800e+00	-3.54845e-14	-6.68715e-04	-3.22049e-15	
386	3.792800e+00	-4.53333e-14	-6.68715e-04	-2.88867e-15	
387	3.802800e+00	-5.63507e-14	-6.68715e-04	-2.63999e-15	
388	3.812800e+00	-6.57456e-14	-6.68715e-04	-1.94894e-15	
389	3.822800e+00	-7.62314e-14	-6.68715e-04	-2.27052e-15	
390	3.832800e+00	-8.49924e-14	-6.68715e-04	-1.46541e-15	
391	3.842800e+00	-9.47829e-14	-6.68715e-04	-1.44181e-15	
392	3.852800e+00	-1.02745e-13	-6.68715e-04	-1.46799e-15	
393	3.862800e+00	-1.11685e-13	-6.68715e-04	-1.02737e-15	
394	3.872800e+00	-1.18711e-13	-6.68715e-04	-1.81769e-16	
395	3.882800e+00	-1.26643e-13	-6.68715e-04	-2.20420e-16	
396	3.892800e+00	-1.32607e-13	-6.68715e-04	-9.86212e-17	
397	3.902800e+00	-1.39413e-13	-6.68715e-04	-1.33320e-16	
398	3.912800e+00	-1.44200e-13	-6.68715e-04	-1.08551e-16	
399	3.922800e+00	-1.49792e-13	-6.68715e-04	5.558290e-16	
400	3.932800e+00	-1.53318e-13	-6.68715e-04	9.527587e-16	
401	3.942800e+00	-1.57602e-13	-6.68715e-04	8.400320e-16	
402	3.952800e+00	-1.59802e-13	-6.68715e-04	6.475772e-16	

Index   time            v1#branch       v2#branch       v3#branch       
--------------------------------------------------------------------------------
403	3.962800e+00	-1.62730e-13	-6.68715e-04	7.435953e-16	
404	3.972800e+00	-1.63567e-13	-6.68715e-04	6.354820e-16	
405	3.982800e+00	-1.65107e-13	-6.68715e-04	6.721684e-16	
406	3.992800e+00	-1.64553e-13	-6.68715e-04	1.079968e-15	
407	4.002800e+00	-1.64716e-13	-6.68715e-04	1.143224e-15	
408	4.012800e+00	-1.62770e-13	-6.68715e-04	1.034104e-15	
409	4.022800e+00	-1.61568e-13	-6.68715e-04	7.322221e-16	
410	4.032800e+00	-1.58274e-13	-6.68715e-04	4.169981e-16	
411	4.042800e+00	-1.55748e-13	-6.68715e-04	2.933444e-16	
412	4.052800e+00	-1.51178e-13	-6.68715e-04	9.373931e-17	
413	4.062800e+00	-1.47402e-13	-6.68715e-04	-4.80724e-16	
414	4.072800e+00	-1.41643e-13	-6.68715e-04	-5.39260e-16	
415	4.082800e+00	-1.36731e-13	-6.68715e-04	-7.35444e-16	
416	4.092800e+00	-1.29918e-13	-6.68715e-04	-5.42928e-16	
417	4.102800e+00	-1.24032e-13	-6.68715e-04	-9.79685e-16	
418	4.112800e+00	-1.16311e-13	-6.68715e-04	-7.22135e-16	
419	4.122800e+00	-1.09619e-13	-6.68715e-04	-1.72508e-15	
420	4.132800e+00	-1.01202e-13	-6.68715e-04	-2.04317e-15	
421	4.142800e+00	-9.38954e-14	-6.68715e-04	-2.49499e-15	
422	4.152800e+00	-8.49592e-14	-6.68715e-04	-2.36617e-15	
423	4.162800e+00	-7.72487e-14	-6.68715e-04	-2.65396e-15	
424	4.172800e+00	-6.79678e-14	-6.68715e-04	-2.64370e-15	
425	4.182800e+00	-6.00023e-14	-6.68715e-04	-3.65112e-15	
426	4.192800e+00	-5.05241e-14	-6.68715e-04	-3.63990e-15	
427	4.202800e+00	-4.24379e-14	-6.68715e-04	-3.41182e-15	
428	4.212800e+00	-3.28613e-14	-6.68715e-04	-4.27131e-15	
429	4.222800e+00	-2.47080e-14	-6.68715e-04	-4.80950e-15	
430	4.232800e+00	-1.51106e-14	-6.68715e-04	-5.13197e-15	
431	4.242800e+00	-6.92023e-15	-6.68715e-04	-5.96678e-15	
432	4.252800e+00	2.678937e-15	-6.68715e-04	-6.36914e-15	
433	4.262800e+00	1.085826e-14	-6.68715e-04	-6.67646e-15	
434	4.272800e+00	2.047518e-14	-6.68715e-04	-6.45511e-15	
435	4.282800e+00	2.861646e-14	-6.68715e-04	-6.95647e-15	
436	4.292800e+00	3.822473e-14	-6.68715e-04	-7.05020e-15	
437	4.302800e+00	4.629801e-14	-6.68715e-04	-8.21181e-15	
438	4.312800e+00	5.584113e-14	-6.68715e-04	-8.05888e-15	
439	4.322800e+00	6.379247e-14	-6.68715e-04	-8.68814e-15	
440	4.332800e+00	7.318304e-14	-6.68715e-04	-8.57508e-15	
441	4.342800e+00	8.089966e-14	-6.68715e-04	-8.66209e-15	
442	4.352800e+00	9.000384e-14	-6.68715e-04	-8.64695e-15	
443	4.362800e+00	9.734128e-14	-6.68715e-04	-9.65384e-15	
444	4.372800e+00	1.059711e-13	-6.68715e-04	-9.40548e-15	
445	4.382800e+00	1.127524e-13	-6.68715e-04	-1.00489e-14	
446	4.392800e+00	1.207309e-13	-6.68715e-04	-1.01899e-14	
447	4.402800e+00	1.267410e-13	-6.68715e-04	-1.06910e-14	
448	4.412800e+00	1.338738e-13	-6.68715e-04	-1.11157e-14	
449	4.422800e+00	1.389451e-13	-6.68715e-04	-1.15675e-14	
450	4.432800e+00	1.450586e-13	-6.68715e-04	-1.12223e-14	
451	4.442800e+00	1.490234e-13	-6.68715e-04	-1.11984e-14	
452	4.452800e+00	1.539865e-13	-6.68715e-04	-1.13537e-14	
453	4.462800e+00	1.567264e-13	-6.68715e-04	-1.12864e-14	
454	4.472800e+00	1.604235e-13	-6.68715e-04	-1.13480e-14	
455	4.482800e+00	1.618621e-13	-6.68715e-04	-1.25824e-14	
456	4.492800e+00	1.642231e-13	-6.68715e-04	-1.19303e-14	
457	4.502800e+00	1.643065e-13	-6.68715e-04	-1.23791e-14	
458	4.512800e+00	1.652923e-13	-6.68715e-04	-1.17299e-14	
459	4.522800e+00	1.639752e-13	-6.68715e-04	-1.17427e-14	
460	4.532800e+00	1.635850e-13	-6.68715e-04	-1.15626e-14	

Index   time            v1#branch       v2#branch       v3#branch       
--------------------------------------------------------------------------------
461	4.542800e+00	1.608846e-13	-6.68715e-04	-1.14182e-14	
462	4.552800e+00	1.591182e-13	-6.68715e-04	-1.13214e-14	
463	4.562800e+00	1.550458e-13	-6.68715e-04	-1.12935e-14	
464	4.572800e+00	1.519467e-13	-6.68715e-04	-1.01582e-14	
465	4.582800e+00	1.465524e-13	-6.68715e-04	-9.71380e-15	
466	4.592800e+00	1.421797e-13	-6.68715e-04	-9.36591e-15	
467	4.602800e+00	1.355500e-13	-6.68715e-04	-9.94587e-15	
468	4.612800e+00	1.299636e-13	-6.68715e-04	-8.88809e-15	
469	4.622800e+00	1.221883e-13	-6.68715e-04	-9.12315e-15	
470	4.632800e+00	1.155192e-13	-6.68715e-04	-8.60590e-15	
471	4.642800e+00	1.067013e-13	-6.68715e-04	-8.42300e-15	
472	4.652800e+00	9.906419e-14	-6.68715e-04	-8.18579e-15	
473	4.662800e+00	8.935423e-14	-6.68715e-04	-8.49283e-15	
474	4.672800e+00	8.089590e-14	-6.68715e-04	-8.02564e-15	
475	4.682800e+00	7.042807e-14	-6.68715e-04	-7.71791e-15	
476	4.692800e+00	6.130582e-14	-6.68715e-04	-6.36440e-15	
477	4.702800e+00	5.027609e-14	-6.68715e-04	-6.49888e-15	
478	4.712800e+00	4.064203e-14	-6.68715e-04	-6.39113e-15	
479	4.722800e+00	2.922308e-14	-6.68715e-04	-5.76553e-15	
480	4.732800e+00	1.927901e-14	-6.68715e-04	-5.11663e-15	
481	4.742800e+00	7.652380e-15	-6.68715e-04	-3.78470e-15	
482	4.752800e+00	-2.41734e-15	-6.68715e-04	-3.41732e-15	
483	4.762800e+00	-1.40805e-14	-6.68715e-04	-3.36845e-15	
484	4.772800e+00	-2.40372e-14	-6.68715e-04	-3.47497e-15	
485	4.782800e+00	-3.55781e-14	-6.68715e-04	-3.15117e-15	
486	4.792800e+00	-4.52411e-14	-6.68715e-04	-2.88844e-15	
487	4.802800e+00	-5.64426e-14	-6.68715e-04	-2.67381e-15	
488	4.812800e+00	-6.56515e-14	-6.68715e-04	-1.94756e-15	
489	4.822800e+00	-7.63258e-14	-6.68715e-04	-2.40138e-15	
490	4.832800e+00	-8.48948e-14	-6.68715e-04	-1.46430e-15	
491	4.842800e+00	-9.48813e-14	-6.68715e-04	-1.45532e-15	
492	4.852800e+00	-1.02647e-13	-6.68715e-04	-1.47154e-15	
493	4.862800e+00	-1.11781e-13	-6.68715e-04	-9.99752e-16	
494	4.872800e+00	-1.18616e-13	-6.68715e-04	-1.82353e-16	
495	4.882800e+00	-1.26741e-13	-6.68715e-04	-1.93548e-16	
496	4.892800e+00	-1.32508e-13	-6.68715e-04	-1.26403e-16	
497	4.902800e+00	-1.39511e-13	-6.68715e-04	-1.36420e-16	
498	4.912800e+00	-1.44105e-13	-6.68715e-04	1.136050e-16	
499	4.922800e+00	-1.49887e-13	-6.68715e-04	5.459745e-16	
500	4.932800e+00	-1.53223e-13	-6.68715e-04	9.539643e-16	
501	4.942800e+00	-1.57696e-13	-6.68715e-04	8.966930e-16	
502	4.952800e+00	-1.59705e-13	-6.68715e-04	6.625316e-16	
503	4.962800e+00	-1.62829e-13	-6.68715e-04	6.328418e-16	
504	4.972800e+00	-1.63467e-13	-6.68715e-04	3.579944e-16	
505	4.982800e+00	-1.65205e-13	-6.68715e-04	6.688046e-16	
506	4.992800e+00	-1.64461e-13	-6.68715e-04	1.107206e-15	
507	5.002800e+00	-1.64806e-13	-6.68715e-04	1.147195e-15	
508	5.012800e+00	-1.62679e-13	-6.68715e-04	1.035708e-15	
509	5.022800e+00	-1.61657e-13	-6.68715e-04	7.408368e-16	
510	5.032800e+00	-1.58184e-13	-6.68715e-04	3.037820e-16	
511	5.042800e+00	-1.55838e-13	-6.68715e-04	1.962432e-16	
512	5.052800e+00	-1.51089e-13	-6.68715e-04	4.372920e-16	
513	5.062800e+00	-1.47490e-13	-6.68715e-04	-6.10753e-16	
514	5.072800e+00	-1.41554e-13	-6.68715e-04	-3.65919e-16	
515	5.082800e+00	-1.36823e-13	-6.68715e-04	-7.35288e-16	
516	5.092800e+00	-1.29827e-13	-6.68715e-04	-4.33347e-16	
517	5.102800e+00	-1.24120e-13	-6.68715e-04	-1.18379e-15	
518	5.112800e+00	-1.16222e-13	-6.68715e-04	-7.21992e-16	

Index   time            v1#branch       v2#branch       v3#branch       
--------------------------------------------------------------------------------
519	5.122800e+00	-1.09711e-13	-6.68715e-04	-1.61492e-15	
520	5.132800e+00	-1.01113e-13	-6.68715e-04	-2.04045e-15	
521	5.142800e+00	-9.39833e-14	-6.68715e-04	-2.38351e-15	
522	5.152800e+00	-8.48679e-14	-6.68715e-04	-2.17102e-15	
523	5.162800e+00	-7.73407e-14	-6.68715e-04	-2.59508e-15	
524	5.172800e+00	-6.78775e-14	-6.68715e-04	-2.45022e-15	
525	5.182800e+00	-6.00899e-14	-6.68715e-04	-3.63758e-15	
526	5.192800e+00	-5.04402e-14	-6.68715e-04	-3.66834e-15	
527	5.202800e+00	-4.25226e-14	-6.68715e-04	-3.71418e-15	
528	5.212800e+00	-3.27753e-14	-6.68715e-04	-4.11807e-15	
529	5.222800e+00	-2.47952e-14	-6.68715e-04	-4.80892e-15	
530	5.232800e+00	-1.50222e-14	-6.68715e-04	-5.51981e-15	
531	5.242800e+00	-7.00883e-15	-6.68715e-04	-5.93472e-15	
532	5.252800e+00	2.766522e-15	-6.68715e-04	-6.31294e-15	
533	5.262800e+00	1.077066e-14	-6.68715e-04	-6.59213e-15	
534	5.272800e+00	2.056336e-14	-6.68715e-04	-6.50934e-15	
535	5.282800e+00	2.853027e-14	-6.68715e-04	-6.95550e-15	
536	5.292800e+00	3.831050e-14	-6.68715e-04	-7.02533e-15	
537	5.302800e+00	4.621016e-14	-6.68715e-04	-8.32257e-15	
538	5.312800e+00	5.593094e-14	-6.68715e-04	-7.93337e-15	
539	5.322800e+00	6.370183e-14	-6.68715e-04	-8.79159e-15	
540	5.332800e+00	7.327501e-14	-6.68715e-04	-8.57828e-15	
541	5.342800e+00	8.080770e-14	-6.68715e-04	-8.65840e-15	
542	5.352800e+00	9.009309e-14	-6.68715e-04	-8.65045e-15	
543	5.362800e+00	9.725247e-14	-6.68715e-04	-9.48011e-15	
544	5.372800e+00	1.060601e-13	-6.68715e-04	-9.34944e-15	
545	5.382800e+00	1.126636e-13	-6.68715e-04	-1.00553e-14	
546	5.392800e+00	1.208217e-13	-6.68715e-04	-1.01963e-14	
547	5.402800e+00	1.266496e-13	-6.68715e-04	-1.05797e-14	
548	5.412800e+00	1.339654e-13	-6.68715e-04	-1.11052e-14	
549	5.422800e+00	1.388511e-13	-6.68715e-04	-1.15674e-14	
550	5.432800e+00	1.451548e-13	-6.68715e-04	-1.12116e-14	
551	5.442800e+00	1.489264e-13	-6.68715e-04	-1.12293e-14	
552	5.452800e+00	1.540842e-13	-6.68715e-04	-1.13188e-14	
553	5.462800e+00	1.566296e-13	-6.68715e-04	-1.12896e-14	
554	5.472800e+00	1.605180e-13	-6.68715e-04	-1.15701e-14	
555	5.482800e+00	1.617694e-13	-6.68715e-04	-1.25996e-14	
556	5.492800e+00	1.643167e-13	-6.68715e-04	-1.19301e-14	
557	5.502800e+00	1.642107e-13	-6.68715e-04	-1.21571e-14	
558	5.512800e+00	1.653865e-13	-6.68715e-04	-1.17299e-14	
559	5.522800e+00	1.638851e-13	-6.68715e-04	-1.15722e-14	
560	5.532800e+00	1.636763e-13	-6.68715e-04	-1.15658e-14	
561	5.542800e+00	1.607914e-13	-6.68715e-04	-1.14116e-14	
562	5.552800e+00	1.592091e-13	-6.68715e-04	-1.13218e-14	
563	5.562800e+00	1.549538e-13	-6.68715e-04	-1.12970e-14	
564	5.572800e+00	1.520410e-13	-6.68715e-04	-1.03659e-14	
565	5.582800e+00	1.464594e-13	-6.68715e-04	-9.70650e-15	
566	5.592800e+00	1.422717e-13	-6.68715e-04	-9.42824e-15	
567	5.602800e+00	1.354570e-13	-6.68715e-04	-9.83484e-15	
568	5.612800e+00	1.300592e-13	-6.68715e-04	-8.88440e-15	
569	5.622800e+00	1.220946e-13	-6.68715e-04	-9.18546e-15	
570	5.632800e+00	1.156114e-13	-6.68715e-04	-8.59932e-15	
571	5.642800e+00	1.066054e-13	-6.68715e-04	-8.39585e-15	
572	5.652800e+00	9.916075e-14	-6.68715e-04	-8.17209e-15	
573	5.662800e+00	8.925870e-14	-6.68715e-04	-8.49266e-15	
574	5.672800e+00	8.098827e-14	-6.68715e-04	-7.97359e-15	
575	5.682800e+00	7.033757e-14	-6.68715e-04	-7.60662e-15	
576	5.692800e+00	6.139856e-14	-6.68715e-04	-6.32574e-15	

Index   time            v1#branch       v2#branch       v3#branch       
--------------------------------------------------------------------------------
577	5.702800e+00	5.018148e-14	-6.68715e-04	-6.51265e-15	
578	5.712800e+00	4.073873e-14	-6.68715e-04	-6.39105e-15	
579	5.722800e+00	2.912530e-14	-6.68715e-04	-5.76551e-15	
580	5.732800e+00	1.937849e-14	-6.68715e-04	-5.14445e-15	
581	5.742800e+00	7.551348e-15	-6.68715e-04	-3.85774e-15	
582	5.752800e+00	-2.31523e-15	-6.68715e-04	-3.41756e-15	
583	5.762800e+00	-1.41815e-14	-6.68715e-04	-3.36863e-15	
584	5.772800e+00	-2.39373e-14	-6.68715e-04	-3.47540e-15	
585	5.782800e+00	-3.56765e-14	-6.68715e-04	-3.16578e-15	
586	5.792800e+00	-4.51449e-14	-6.68715e-04	-2.90674e-15	
587	5.802800e+00	-5.65352e-14	-6.68715e-04	-2.65028e-15	
588	5.812800e+00	-6.55627e-14	-6.68715e-04	-1.94878e-15	
589	5.822800e+00	-7.64147e-14	-6.68715e-04	-2.33313e-15	
590	5.832800e+00	-8.48060e-14	-6.68715e-04	-1.40967e-15	
591	5.842800e+00	-9.49723e-14	-6.68715e-04	-1.46984e-15	
592	5.852800e+00	-1.02551e-13	-6.68715e-04	-1.38842e-15	
593	5.862800e+00	-1.11882e-13	-6.68715e-04	-1.01421e-15	
594	5.872800e+00	-1.18517e-13	-6.68715e-04	-1.96869e-16	
595	5.882800e+00	-1.26834e-13	-6.68715e-04	-2.30683e-16	
596	5.892800e+00	-1.32419e-13	-6.68715e-04	-2.09300e-16	
597	5.902800e+00	-1.39602e-13	-6.68715e-04	-1.36654e-16	
598	5.912800e+00	-1.44008e-13	-6.68715e-04	1.003825e-16	
599	5.922800e+00	-1.49984e-13	-6.68715e-04	6.256327e-16	
600	5.932800e+00	-1.53129e-13	-6.68715e-04	1.022170e-15	
601	5.942800e+00	-1.57789e-13	-6.68715e-04	8.683890e-16	
602	5.952800e+00	-1.59613e-13	-6.68715e-04	6.173029e-16	
603	5.962800e+00	-1.62917e-13	-6.68715e-04	6.987667e-16	
604	5.972800e+00	-1.63381e-13	-6.68715e-04	4.684940e-16	
605	5.982800e+00	-1.65294e-13	-6.68715e-04	6.643490e-16	
606	5.992800e+00	-1.64368e-13	-6.68715e-04	1.079281e-15	
607	6.002800e+00	-1.64902e-13	-6.68715e-04	1.160510e-15	
608	6.012800e+00	-1.62584e-13	-6.68715e-04	1.034816e-15	
609	6.022800e+00	-1.61751e-13	-6.68715e-04	6.778952e-16	
610	6.032800e+00	-1.58086e-13	-6.68715e-04	3.761460e-16	
611	6.042800e+00	-1.55938e-13	-6.68715e-04	2.927308e-16	
612	6.052800e+00	-1.50990e-13	-6.68715e-04	3.001855e-16	
613	6.062800e+00	-1.47590e-13	-6.68715e-04	-3.89705e-16	
614	6.072800e+00	-1.41454e-13	-6.68715e-04	-4.24344e-16	
615	6.082800e+00	-1.36920e-13	-6.68715e-04	-7.38606e-16	
616	6.092800e+00	-1.29732e-13	-6.68715e-04	-2.93458e-16	
617	6.102800e+00	-1.24214e-13	-6.68715e-04	-1.17737e-15	
618	6.112800e+00	-1.16128e-13	-6.68715e-04	-5.00189e-16	
619	6.122800e+00	-1.09806e-13	-6.68715e-04	-1.72634e-15	
620	6.132800e+00	-1.01018e-13	-6.68715e-04	-2.10313e-15	
621	6.142800e+00	-9.40795e-14	-6.68715e-04	-2.37693e-15	
622	6.152800e+00	-8.47764e-14	-6.68715e-04	-2.29300e-15	
623	6.162800e+00	-7.74271e-14	-6.68715e-04	-2.59426e-15	
624	6.172800e+00	-6.77904e-14	-6.68715e-04	-2.42508e-15	
625	6.182800e+00	-6.01818e-14	-6.68715e-04	-3.59990e-15	
626	6.192800e+00	-5.03453e-14	-6.68715e-04	-3.41814e-15	
627	6.202800e+00	-4.26183e-14	-6.68715e-04	-3.71672e-15	
628	6.212800e+00	-3.26774e-14	-6.68715e-04	-4.39506e-15	
629	6.222800e+00	-2.48954e-14	-6.68715e-04	-4.82261e-15	
630	6.232800e+00	-1.49221e-14	-6.68715e-04	-5.12069e-15	
631	6.242800e+00	-7.10644e-15	-6.68715e-04	-5.98950e-15	
632	6.252800e+00	2.864965e-15	-6.68715e-04	-6.30926e-15	
633	6.262800e+00	1.067013e-14	-6.68715e-04	-6.60673e-15	
634	6.272800e+00	2.066383e-14	-6.68715e-04	-6.56546e-15	

Index   time            v1#branch       v2#branch       v3#branch       
--------------------------------------------------------------------------------
635	6.282800e+00	2.842861e-14	-6.68715e-04	-6.98338e-15	
636	6.292800e+00	3.841139e-14	-6.68715e-04	-7.13976e-15	
637	6.302800e+00	4.611051e-14	-6.68715e-04	-8.32558e-15	
638	6.312800e+00	5.603165e-14	-6.68715e-04	-7.93634e-15	
639	6.322800e+00	6.359972e-14	-6.68715e-04	-8.78101e-15	
640	6.332800e+00	7.337614e-14	-6.68715e-04	-8.55392e-15	
641	6.342800e+00	8.070790e-14	-6.68715e-04	-8.64068e-15	
642	6.352800e+00	9.019479e-14	-6.68715e-04	-8.59103e-15	
643	6.362800e+00	9.714937e-14	-6.68715e-04	-9.48352e-15	
644	6.372800e+00	1.061646e-13	-6.68715e-04	-9.40498e-15	
645	6.382800e+00	1.125609e-13	-6.68715e-04	-1.00380e-14	
646	6.392800e+00	1.209219e-13	-6.68715e-04	-1.02036e-14	
647	6.402800e+00	1.265497e-13	-6.68715e-04	-1.05871e-14	
648	6.412800e+00	1.340637e-13	-6.68715e-04	-1.11367e-14	
649	6.422800e+00	1.387532e-13	-6.68715e-04	-1.15155e-14	
650	6.432800e+00	1.452526e-13	-6.68715e-04	-1.12150e-14	
651	6.442800e+00	1.488298e-13	-6.68715e-04	-1.12431e-14	
652	6.452800e+00	1.541792e-13	-6.68715e-04	-1.13085e-14	
653	6.462800e+00	1.565361e-13	-6.68715e-04	-1.12896e-14	
654	6.472800e+00	1.606130e-13	-6.68715e-04	-1.17920e-14	
655	6.482800e+00	1.616712e-13	-6.68715e-04	-1.25825e-14	
656	6.492800e+00	1.644136e-13	-6.68715e-04	-1.18955e-14	
657	6.502800e+00	1.641176e-13	-6.68715e-04	-1.21568e-14	
658	6.512800e+00	1.654777e-13	-6.68715e-04	-1.17298e-14	
659	6.522800e+00	1.637934e-13	-6.68715e-04	-1.14890e-14	
660	6.532800e+00	1.637665e-13	-6.68715e-04	-1.15796e-14	
661	6.542800e+00	1.607018e-13	-6.68715e-04	-1.14112e-14	
662	6.552800e+00	1.593021e-13	-6.68715e-04	-1.13559e-14	
663	6.562800e+00	1.548600e-13	-6.68715e-04	-1.12690e-14	
664	6.572800e+00	1.521336e-13	-6.68715e-04	-1.03799e-14	
665	6.582800e+00	1.463657e-13	-6.68715e-04	-9.71340e-15	
666	6.592800e+00	1.423672e-13	-6.68715e-04	-9.42798e-15	
667	6.602800e+00	1.353617e-13	-6.68715e-04	-9.72357e-15	
668	6.612800e+00	1.301510e-13	-6.68715e-04	-9.05442e-15	
669	6.622800e+00	1.220022e-13	-6.68715e-04	-9.18523e-15	
670	6.632800e+00	1.157064e-13	-6.68715e-04	-8.59860e-15	
671	6.642800e+00	1.065132e-13	-6.68715e-04	-8.42288e-15	
672	6.652800e+00	9.925275e-14	-6.68715e-04	-8.21347e-15	
673	6.662800e+00	8.916610e-14	-6.68715e-04	-8.52046e-15	
674	6.672800e+00	8.108118e-14	-6.68715e-04	-7.97709e-15	
675	6.682800e+00	7.024211e-14	-6.68715e-04	-7.72120e-15	
676	6.692800e+00	6.149164e-14	-6.68715e-04	-6.55123e-15	
677	6.702800e+00	5.009301e-14	-6.68715e-04	-6.72021e-15	
678	6.712800e+00	4.082390e-14	-6.68715e-04	-5.83203e-15	
679	6.722800e+00	2.904164e-14	-6.68715e-04	-5.76515e-15	
680	6.732800e+00	1.946315e-14	-6.68715e-04	-5.13694e-15	
681	6.742800e+00	7.466124e-15	-6.68715e-04	-4.08986e-15	
682	6.752800e+00	-2.22976e-15	-6.68715e-04	-3.34788e-15	
683	6.762800e+00	-1.42676e-14	-6.68715e-04	-3.26425e-15	
684	6.772800e+00	-2.38473e-14	-6.68715e-04	-3.47848e-15	
685	6.782800e+00	-3.57712e-14	-6.68715e-04	-3.16589e-15	
686	6.792800e+00	-4.50471e-14	-6.68715e-04	-2.89286e-15	
687	6.802800e+00	-5.66350e-14	-6.68715e-04	-2.67441e-15	
688	6.812800e+00	-6.54615e-14	-6.68715e-04	-1.93479e-15	
689	6.822800e+00	-7.65131e-14	-6.68715e-04	-2.33292e-15	
690	6.832800e+00	-8.47117e-14	-6.68715e-04	-1.43802e-15	
691	6.842800e+00	-9.50645e-14	-6.68715e-04	-1.39753e-15	
692	6.852800e+00	-1.02461e-13	-6.68715e-04	-1.38862e-15	

Index   time            v1#branch       v2#branch       v3#branch       
--------------------------------------------------------------------------------
693	6.862800e+00	-1.11970e-13	-6.68715e-04	-7.64486e-16	
694	6.872800e+00	-1.18429e-13	-6.68715e-04	-3.37745e-17	
695	6.882800e+00	-1.26924e-13	-6.68715e-04	-2.24412e-16	
696	6.892800e+00	-1.32329e-13	-6.68715e-04	-4.34016e-17	
697	6.902800e+00	-1.39692e-13	-6.68715e-04	-1.36967e-16	
698	6.912800e+00	-1.43923e-13	-6.68715e-04	1.140376e-16	
699	6.922800e+00	-1.50068e-13	-6.68715e-04	5.707773e-16	
700	6.932800e+00	-1.53043e-13	-6.68715e-04	1.019851e-15	
701	6.942800e+00	-1.57876e-13	-6.68715e-04	8.964396e-16	
702	6.952800e+00	-1.59525e-13	-6.68715e-04	6.623456e-16	
703	6.962800e+00	-1.63008e-13	-6.68715e-04	6.985622e-16	
704	6.972800e+00	-1.63287e-13	-6.68715e-04	3.577938e-16	
705	6.982800e+00	-1.65387e-13	-6.68715e-04	6.511713e-16	
706	6.992800e+00	-1.64275e-13	-6.68715e-04	1.107346e-15	
707	7.002800e+00	-1.64994e-13	-6.68715e-04	1.160616e-15	
708	7.012800e+00	-1.62490e-13	-6.68715e-04	1.086829e-15	
709	7.022800e+00	-1.61848e-13	-6.68715e-04	7.884141e-16	
710	7.032800e+00	-1.57994e-13	-6.68715e-04	3.029209e-16	
711	7.042800e+00	-1.56027e-13	-6.68715e-04	2.799716e-16	
712	7.052800e+00	-1.50900e-13	-6.68715e-04	1.836622e-16	
713	7.062800e+00	-1.47682e-13	-6.68715e-04	-3.92667e-16	
714	7.072800e+00	-1.41363e-13	-6.68715e-04	-4.73426e-16	
715	7.082800e+00	-1.37011e-13	-6.68715e-04	-1.18206e-15	
716	7.092800e+00	-1.29637e-13	-6.68715e-04	-2.95963e-16	
717	7.102800e+00	-1.24311e-13	-6.68715e-04	-9.65480e-16	
718	7.112800e+00	-1.16028e-13	-6.68715e-04	-5.00223e-16	
719	7.122800e+00	-1.09905e-13	-6.68715e-04	-1.72643e-15	
720	7.132800e+00	-1.00920e-13	-6.68715e-04	-2.08651e-15	
721	7.142800e+00	-9.41749e-14	-6.68715e-04	-2.37720e-15	
722	7.152800e+00	-8.46832e-14	-6.68715e-04	-2.33489e-15	
723	7.162800e+00	-7.75191e-14	-6.68715e-04	-2.59439e-15	
724	7.172800e+00	-6.76979e-14	-6.68715e-04	-2.45269e-15	
725	7.182800e+00	-6.02722e-14	-6.68715e-04	-3.60692e-15	
726	7.192800e+00	-5.02573e-14	-6.68715e-04	-3.44665e-15	
727	7.202800e+00	-4.27039e-14	-6.68715e-04	-3.93609e-15	
728	7.212800e+00	-3.25937e-14	-6.68715e-04	-4.17046e-15	
729	7.222800e+00	-2.49790e-14	-6.68715e-04	-4.82371e-15	
730	7.232800e+00	-1.48379e-14	-6.68715e-04	-5.33999e-15	
731	7.242800e+00	-7.19430e-15	-6.68715e-04	-5.96273e-15	
732	7.252800e+00	2.954308e-15	-6.68715e-04	-6.31635e-15	
733	7.262800e+00	1.058153e-14	-6.68715e-04	-6.58886e-15	
734	7.272800e+00	2.075525e-14	-6.68715e-04	-6.48545e-15	
735	7.282800e+00	2.833404e-14	-6.68715e-04	-6.92487e-15	
736	7.292800e+00	3.850707e-14	-6.68715e-04	-7.01186e-15	
737	7.302800e+00	4.601527e-14	-6.68715e-04	-8.32578e-15	
738	7.312800e+00	5.612444e-14	-6.68715e-04	-8.02011e-15	
739	7.322800e+00	6.350973e-14	-6.68715e-04	-8.78115e-15	
740	7.332800e+00	7.346546e-14	-6.68715e-04	-8.49499e-15	
741	7.342800e+00	8.061654e-14	-6.68715e-04	-8.55080e-15	
742	7.352800e+00	9.028703e-14	-6.68715e-04	-8.50436e-15	
743	7.362800e+00	9.705686e-14	-6.68715e-04	-9.35505e-15	
744	7.372800e+00	1.062588e-13	-6.68715e-04	-9.34935e-15	
745	7.382800e+00	1.124659e-13	-6.68715e-04	-1.00692e-14	
746	7.392800e+00	1.210139e-13	-6.68715e-04	-1.02143e-14	
747	7.402800e+00	1.264595e-13	-6.68715e-04	-1.05834e-14	
748	7.412800e+00	1.341536e-13	-6.68715e-04	-1.11363e-14	
749	7.422800e+00	1.386673e-13	-6.68715e-04	-1.15672e-14	
750	7.432800e+00	1.453376e-13	-6.68715e-04	-1.08646e-14	

Index   time            v1#branch       v2#branch       v3#branch       
--------------------------------------------------------------------------------
751	7.442800e+00	1.487429e-13	-6.68715e-04	-1.11325e-14	
752	7.452800e+00	1.542662e-13	-6.68715e-04	-1.15967e-14	
753	7.462800e+00	1.564472e-13	-6.68715e-04	-1.14008e-14	
754	7.472800e+00	1.607032e-13	-6.68715e-04	-1.15699e-14	
755	7.482800e+00	1.615822e-13	-6.68715e-04	-1.25476e-14	
756	7.492800e+00	1.645026e-13	-6.68715e-04	-1.18956e-14	
757	7.502800e+00	1.640253e-13	-6.68715e-04	-1.21570e-14	
758	7.512800e+00	1.655728e-13	-6.68715e-04	-1.17297e-14	
759	7.522800e+00	1.636964e-13	-6.68715e-04	-1.17109e-14	
760	7.532800e+00	1.638659e-13	-6.68715e-04	-1.15656e-14	
761	7.542800e+00	1.606020e-13	-6.68715e-04	-1.13973e-14	
762	7.552800e+00	1.594002e-13	-6.68715e-04	-1.14393e-14	
763	7.562800e+00	1.547640e-13	-6.68715e-04	-1.12932e-14	
764	7.572800e+00	1.522253e-13	-6.68715e-04	-1.03799e-14	
765	7.582800e+00	1.462782e-13	-6.68715e-04	-9.99071e-15	
766	7.592800e+00	1.424561e-13	-6.68715e-04	-9.42760e-15	
767	7.602800e+00	1.352685e-13	-6.68715e-04	-9.83828e-15	
768	7.612800e+00	1.302460e-13	-6.68715e-04	-9.09258e-15	
769	7.622800e+00	1.219078e-13	-6.68715e-04	-9.16066e-15	
770	7.632800e+00	1.157994e-13	-6.68715e-04	-8.59506e-15	
771	7.642800e+00	1.064194e-13	-6.68715e-04	-8.35686e-15	
772	7.652800e+00	9.934746e-14	-6.68715e-04	-8.22701e-15	
773	7.662800e+00	8.907148e-14	-6.68715e-04	-8.48887e-15	
774	7.672800e+00	8.117626e-14	-6.68715e-04	-7.98720e-15	
775	7.682800e+00	7.014947e-14	-6.68715e-04	-7.83192e-15	
776	7.692800e+00	6.158500e-14	-6.68715e-04	-6.55465e-15	
777	7.702800e+00	4.999815e-14	-6.68715e-04	-6.72057e-15	
778	7.712800e+00	4.092032e-14	-6.68715e-04	-5.83238e-15	
779	7.722800e+00	2.894364e-14	-6.68715e-04	-5.76212e-15	
780	7.732800e+00	1.955841e-14	-6.68715e-04	-5.13056e-15	
781	7.742800e+00	7.373673e-15	-6.68715e-04	-4.32588e-15	
782	7.752800e+00	-2.13839e-15	-6.68715e-04	-3.40344e-15	
783	7.762800e+00	-1.43601e-14	-6.68715e-04	-3.25061e-15	
784	7.772800e+00	-2.37542e-14	-6.68715e-04	-3.41950e-15	
785	7.782800e+00	-3.58614e-14	-6.68715e-04	-3.38428e-15	
786	7.792800e+00	-4.49609e-14	-6.68715e-04	-2.91060e-15	
787	7.802800e+00	-5.67214e-14	-6.68715e-04	-2.66082e-15	
788	7.812800e+00	-6.53729e-14	-6.68715e-04	-1.94818e-15	
789	7.822800e+00	-7.66059e-14	-6.68715e-04	-2.27853e-15	
790	7.832800e+00	-8.46142e-14	-6.68715e-04	-1.43730e-15	
791	7.842800e+00	-9.51609e-14	-6.68715e-04	-1.27192e-15	
792	7.852800e+00	-1.02367e-13	-6.68715e-04	-1.47228e-15	
793	7.862800e+00	-1.12064e-13	-6.68715e-04	-9.00205e-16	
794	7.872800e+00	-1.18333e-13	-6.68715e-04	-6.14748e-17	
795	7.882800e+00	-1.27018e-13	-6.68715e-04	-1.93248e-16	
796	7.892800e+00	-1.32235e-13	-6.68715e-04	-2.65577e-17	
797	7.902800e+00	-1.39785e-13	-6.68715e-04	-1.37583e-16	
798	7.912800e+00	-1.43828e-13	-6.68715e-04	1.271419e-16	
799	7.922800e+00	-1.50165e-13	-6.68715e-04	3.507654e-16	
800	7.932800e+00	-1.52945e-13	-6.68715e-04	9.630172e-16	
801	7.942800e+00	-1.57974e-13	-6.68715e-04	8.921728e-16	
802	7.952800e+00	-1.59428e-13	-6.68715e-04	5.469340e-16	
803	7.962800e+00	-1.63103e-13	-6.68715e-04	6.979641e-16	
804	7.972800e+00	-1.63199e-13	-6.68715e-04	3.567476e-16	
805	7.982800e+00	-1.65471e-13	-6.68715e-04	6.648483e-16	
806	7.992800e+00	-1.64190e-13	-6.68715e-04	1.093750e-15	
807	8.002800e+00	-1.65079e-13	-6.68715e-04	1.160364e-15	
808	8.012800e+00	-1.62403e-13	-6.68715e-04	1.017225e-15	

Index   time            v1#branch       v2#branch       v3#branch       
--------------------------------------------------------------------------------
809	8.022800e+00	-1.61937e-13	-6.68715e-04	6.523784e-16	
810	8.032800e+00	-1.57904e-13	-6.68715e-04	3.434519e-16	
811	8.042800e+00	-1.56120e-13	-6.68715e-04	3.100286e-16	
812	8.052800e+00	-1.50808e-13	-6.68715e-04	2.800238e-16	
813	8.062800e+00	-1.47770e-13	-6.68715e-04	-2.71021e-16	
814	8.072800e+00	-1.41273e-13	-6.68715e-04	-3.10472e-16	
815	8.082800e+00	-1.37104e-13	-6.68715e-04	-9.57760e-16	
816	8.092800e+00	-1.29547e-13	-6.68715e-04	-3.81889e-16	
817	8.102800e+00	-1.24398e-13	-6.68715e-04	-1.18401e-15	
818	8.112800e+00	-1.15942e-13	-6.68715e-04	-3.89180e-16	
819	8.122800e+00	-1.09992e-13	-6.68715e-04	-1.71279e-15	
820	8.132800e+00	-1.00831e-13	-6.68715e-04	-2.09325e-15	
821	8.142800e+00	-9.42681e-14	-6.68715e-04	-2.24580e-15	
822	8.152800e+00	-8.45868e-14	-6.68715e-04	-2.36607e-15	
823	8.162800e+00	-7.76179e-14	-6.68715e-04	-2.59070e-15	
824	8.172800e+00	-6.76002e-14	-6.68715e-04	-2.50461e-15	
825	8.182800e+00	-6.03697e-14	-6.68715e-04	-3.61983e-15	
826	8.192800e+00	-5.01571e-14	-6.68715e-04	-3.50075e-15	
827	8.202800e+00	-4.28047e-14	-6.68715e-04	-3.62987e-15	
828	8.212800e+00	-3.24930e-14	-6.68715e-04	-4.23251e-15	
829	8.222800e+00	-2.50797e-14	-6.68715e-04	-5.05221e-15	
830	8.232800e+00	-1.47376e-14	-6.68715e-04	-5.13136e-15	
831	8.242800e+00	-7.29154e-15	-6.68715e-04	-5.96210e-15	
832	8.252800e+00	3.049945e-15	-6.68715e-04	-6.33731e-15	
833	8.262800e+00	1.048431e-14	-6.68715e-04	-6.58950e-15	
834	8.272800e+00	2.085216e-14	-6.68715e-04	-6.61038e-15	
835	8.282800e+00	2.823886e-14	-6.68715e-04	-6.90718e-15	
836	8.292800e+00	3.860075e-14	-6.68715e-04	-7.33164e-15	
837	8.302800e+00	4.592368e-14	-6.68715e-04	-8.44358e-15	
838	8.312800e+00	5.621542e-14	-6.68715e-04	-8.19351e-15	
839	8.322800e+00	6.341839e-14	-6.68715e-04	-8.79173e-15	
840	8.332800e+00	7.355683e-14	-6.68715e-04	-8.55059e-15	
841	8.342800e+00	8.052616e-14	-6.68715e-04	-8.58554e-15	
842	8.352800e+00	9.037515e-14	-6.68715e-04	-8.48376e-15	
843	8.362800e+00	9.697009e-14	-6.68715e-04	-9.42449e-15	
844	8.372800e+00	1.063448e-13	-6.68715e-04	-9.49504e-15	
845	8.382800e+00	1.123788e-13	-6.68715e-04	-1.00519e-14	
846	8.392800e+00	1.211038e-13	-6.68715e-04	-1.02245e-14	
847	8.402800e+00	1.263667e-13	-6.68715e-04	-1.05799e-14	
848	8.412800e+00	1.342468e-13	-6.68715e-04	-1.11363e-14	
849	8.422800e+00	1.385720e-13	-6.68715e-04	-1.15149e-14	
850	8.432800e+00	1.454344e-13	-6.68715e-04	-1.11174e-14	
851	8.442800e+00	1.486468e-13	-6.68715e-04	-1.10625e-14	
852	8.452800e+00	1.543630e-13	-6.68715e-04	-1.16656e-14	
853	8.462800e+00	1.563511e-13	-6.68715e-04	-1.13969e-14	
854	8.472800e+00	1.607999e-13	-6.68715e-04	-1.22392e-14	
855	8.482800e+00	1.614847e-13	-6.68715e-04	-1.25406e-14	
856	8.492800e+00	1.645988e-13	-6.68715e-04	-1.19024e-14	
857	8.502800e+00	1.639309e-13	-6.68715e-04	-1.21533e-14	
858	8.512800e+00	1.656673e-13	-6.68715e-04	-1.17294e-14	
859	8.522800e+00	1.636011e-13	-6.68715e-04	-1.20925e-14	
860	8.532800e+00	1.639604e-13	-6.68715e-04	-1.15238e-14	
861	8.542800e+00	1.605096e-13	-6.68715e-04	-1.13901e-14	
862	8.552800e+00	1.594927e-13	-6.68715e-04	-1.14495e-14	
863	8.562800e+00	1.546713e-13	-6.68715e-04	-1.12898e-14	
864	8.572800e+00	1.523196e-13	-6.68715e-04	-1.01579e-14	
865	8.582800e+00	1.461802e-13	-6.68715e-04	-9.93204e-15	
866	8.592800e+00	1.425529e-13	-6.68715e-04	-9.38965e-15	

Index   time            v1#branch       v2#branch       v3#branch       
--------------------------------------------------------------------------------
867	8.602800e+00	1.351737e-13	-6.68715e-04	-9.83796e-15	
868	8.612800e+00	1.303432e-13	-6.68715e-04	-9.11650e-15	
869	8.622800e+00	1.218102e-13	-6.68715e-04	-9.15375e-15	
870	8.632800e+00	1.158950e-13	-6.68715e-04	-8.60232e-15	
871	8.642800e+00	1.063258e-13	-6.68715e-04	-8.35700e-15	
872	8.652800e+00	9.944019e-14	-6.68715e-04	-8.23411e-15	
873	8.662800e+00	8.897933e-14	-6.68715e-04	-8.50994e-15	
874	8.672800e+00	8.126596e-14	-6.68715e-04	-7.99444e-15	
875	8.682800e+00	7.005989e-14	-6.68715e-04	-7.82168e-15	
876	8.692800e+00	6.167637e-14	-6.68715e-04	-6.33943e-15	
877	8.702800e+00	4.990385e-14	-6.68715e-04	-6.72063e-15	
878	8.712800e+00	4.101575e-14	-6.68715e-04	-5.89823e-15	
879	8.722800e+00	2.884983e-14	-6.68715e-04	-5.74793e-15	
880	8.732800e+00	1.965200e-14	-6.68715e-04	-5.15475e-15	
881	8.742800e+00	7.280851e-15	-6.68715e-04	-4.05184e-15	
882	8.752800e+00	-2.04665e-15	-6.68715e-04	-3.41749e-15	
883	8.762800e+00	-1.44504e-14	-6.68715e-04	-3.25424e-15	
884	8.772800e+00	-2.36665e-14	-6.68715e-04	-3.47525e-15	
885	8.782800e+00	-3.59508e-14	-6.68715e-04	-3.15549e-15	
886	8.792800e+00	-4.48669e-14	-6.68715e-04	-2.89614e-15	
887	8.802800e+00	-5.68166e-14	-6.68715e-04	-2.62942e-15	
888	8.812800e+00	-6.52794e-14	-6.68715e-04	-1.96947e-15	
889	8.822800e+00	-7.66978e-14	-6.68715e-04	-2.35363e-15	
890	8.832800e+00	-8.45258e-14	-6.68715e-04	-1.43386e-15	
891	8.842800e+00	-9.52487e-14	-6.68715e-04	-1.32697e-15	
892	8.852800e+00	-1.02275e-13	-6.68715e-04	-1.53355e-15	
893	8.862800e+00	-1.12157e-13	-6.68715e-04	-8.47811e-16	
894	8.872800e+00	-1.18243e-13	-6.68715e-04	-2.35636e-16	
895	8.882800e+00	-1.27111e-13	-6.68715e-04	-1.76315e-16	
896	8.892800e+00	-1.32139e-13	-6.68715e-04	-1.54328e-16	
897	8.902800e+00	-1.39882e-13	-6.68715e-04	-1.09094e-16	
898	8.912800e+00	-1.43728e-13	-6.68715e-04	2.977444e-16	
899	8.922800e+00	-1.50263e-13	-6.68715e-04	4.172711e-16	
900	8.932800e+00	-1.52850e-13	-6.68715e-04	9.523673e-16	
901	8.942800e+00	-1.58069e-13	-6.68715e-04	8.641350e-16	
902	8.952800e+00	-1.59333e-13	-6.68715e-04	5.506834e-16	
903	8.962800e+00	-1.63200e-13	-6.68715e-04	7.084682e-16	
904	8.972800e+00	-1.63097e-13	-6.68715e-04	3.606278e-16	
905	8.982800e+00	-1.65573e-13	-6.68715e-04	6.679239e-16	
906	8.992800e+00	-1.64092e-13	-6.68715e-04	1.092317e-15	
907	9.002800e+00	-1.65179e-13	-6.68715e-04	1.159267e-15	
908	9.012800e+00	-1.62306e-13	-6.68715e-04	1.020318e-15	
909	9.022800e+00	-1.62029e-13	-6.68715e-04	6.669818e-16	
910	9.032800e+00	-1.57811e-13	-6.68715e-04	3.998361e-16	
911	9.042800e+00	-1.56210e-13	-6.68715e-04	1.958037e-16	
912	9.052800e+00	-1.50720e-13	-6.68715e-04	2.725855e-16	
913	9.062800e+00	-1.47860e-13	-6.68715e-04	-6.05167e-16	
914	9.072800e+00	-1.41185e-13	-6.68715e-04	-3.66673e-16	
915	9.082800e+00	-1.37190e-13	-6.68715e-04	-1.17967e-15	
916	9.092800e+00	-1.29459e-13	-6.68715e-04	-2.89797e-16	
917	9.102800e+00	-1.24489e-13	-6.68715e-04	-1.19477e-15	
918	9.112800e+00	-1.15853e-13	-6.68715e-04	-3.89348e-16	
919	9.122800e+00	-1.10080e-13	-6.68715e-04	-1.97923e-15	
920	9.132800e+00	-1.00742e-13	-6.68715e-04	-2.05751e-15	
921	9.142800e+00	-9.43554e-14	-6.68715e-04	-2.55012e-15	
922	9.152800e+00	-8.45006e-14	-6.68715e-04	-2.33805e-15	
923	9.162800e+00	-7.77046e-14	-6.68715e-04	-2.59429e-15	
924	9.172800e+00	-6.75116e-14	-6.68715e-04	-2.44896e-15	

Index   time            v1#branch       v2#branch       v3#branch       
--------------------------------------------------------------------------------
925	9.182800e+00	-6.04580e-14	-6.68715e-04	-3.62355e-15	
926	9.192800e+00	-5.00718e-14	-6.68715e-04	-3.63356e-15	
927	9.202800e+00	-4.28901e-14	-6.68715e-04	-3.65120e-15	
928	9.212800e+00	-3.24082e-14	-6.68715e-04	-4.16981e-15	
929	9.222800e+00	-2.51633e-14	-6.68715e-04	-4.82609e-15	
930	9.232800e+00	-1.46525e-14	-6.68715e-04	-5.07513e-15	
931	9.242800e+00	-7.37869e-15	-6.68715e-04	-5.98979e-15	
932	9.252800e+00	3.137961e-15	-6.68715e-04	-6.34755e-15	
933	9.262800e+00	1.039637e-14	-6.68715e-04	-6.59254e-15	
934	9.272800e+00	2.093790e-14	-6.68715e-04	-6.48530e-15	
935	9.282800e+00	2.815550e-14	-6.68715e-04	-6.89629e-15	
936	9.292800e+00	3.868375e-14	-6.68715e-04	-7.46986e-15	
937	9.302800e+00	4.583884e-14	-6.68715e-04	-8.38788e-15	
938	9.312800e+00	5.630283e-14	-6.68715e-04	-8.08193e-15	
939	9.322800e+00	6.332899e-14	-6.68715e-04	-8.73923e-15	
940	9.332800e+00	7.364724e-14	-6.68715e-04	-8.55036e-15	
941	9.342800e+00	8.043502e-14	-6.68715e-04	-8.52622e-15	
942	9.352800e+00	9.046776e-14	-6.68715e-04	-8.49729e-15	
943	9.362800e+00	9.687660e-14	-6.68715e-04	-9.14668e-15	
944	9.372800e+00	1.064381e-13	-6.68715e-04	-9.55039e-15	
945	9.382800e+00	1.122859e-13	-6.68715e-04	-9.93367e-15	
946	9.392800e+00	1.211966e-13	-6.68715e-04	-1.02103e-14	
947	9.402800e+00	1.262752e-13	-6.68715e-04	-1.03576e-14	
948	9.412800e+00	1.343400e-13	-6.68715e-04	-1.11465e-14	
949	9.422800e+00	1.384782e-13	-6.68715e-04	-1.12896e-14	
950	9.432800e+00	1.455261e-13	-6.68715e-04	-1.08715e-14	
951	9.442800e+00	1.485557e-13	-6.68715e-04	-1.10072e-14	
952	9.452800e+00	1.544536e-13	-6.68715e-04	-1.12215e-14	
953	9.462800e+00	1.562597e-13	-6.68715e-04	-1.13970e-14	
954	9.472800e+00	1.608927e-13	-6.68715e-04	-1.13440e-14	
955	9.482800e+00	1.613897e-13	-6.68715e-04	-1.25718e-14	
956	9.492800e+00	1.646958e-13	-6.68715e-04	-1.18989e-14	
957	9.502800e+00	1.638352e-13	-6.68715e-04	-1.21600e-14	
958	9.512800e+00	1.657612e-13	-6.68715e-04	-1.17262e-14	
959	9.522800e+00	1.635074e-13	-6.68715e-04	-1.19262e-14	
960	9.532800e+00	1.640546e-13	-6.68715e-04	-1.15170e-14	
961	9.542800e+00	1.604124e-13	-6.68715e-04	-1.14041e-14	
962	9.552800e+00	1.595915e-13	-6.68715e-04	-1.14529e-14	
963	9.562800e+00	1.545735e-13	-6.68715e-04	-1.12514e-14	
964	9.572800e+00	1.524185e-13	-6.68715e-04	-1.01023e-14	
965	9.582800e+00	1.460783e-13	-6.68715e-04	-9.92528e-15	
966	9.592800e+00	1.426545e-13	-6.68715e-04	-9.38970e-15	
967	9.602800e+00	1.350760e-13	-6.68715e-04	-9.72659e-15	
968	9.612800e+00	1.304370e-13	-6.68715e-04	-9.22748e-15	
969	9.622800e+00	1.217169e-13	-6.68715e-04	-9.15372e-15	
970	9.632800e+00	1.159902e-13	-6.68715e-04	-8.60193e-15	
971	9.642800e+00	1.062278e-13	-6.68715e-04	-8.35683e-15	
972	9.652800e+00	9.953800e-14	-6.68715e-04	-8.22001e-15	
973	9.662800e+00	8.888181e-14	-6.68715e-04	-8.52333e-15	
974	9.672800e+00	8.136588e-14	-6.68715e-04	-8.00081e-15	
975	9.682800e+00	6.995887e-14	-6.68715e-04	-7.82133e-15	
976	9.692800e+00	6.177758e-14	-6.68715e-04	-6.32881e-15	
977	9.702800e+00	4.980390e-14	-6.68715e-04	-6.54686e-15	
978	9.712800e+00	4.111620e-14	-6.68715e-04	-5.84254e-15	
979	9.722800e+00	2.874870e-14	-6.68715e-04	-5.76531e-15	
980	9.732800e+00	1.975253e-14	-6.68715e-04	-5.15485e-15	
981	9.742800e+00	7.180323e-15	-6.68715e-04	-4.38145e-15	
982	9.752800e+00	-1.94729e-15	-6.68715e-04	-3.43480e-15	

Index   time            v1#branch       v2#branch       v3#branch       
--------------------------------------------------------------------------------
983	9.762800e+00	-1.45489e-14	-6.68715e-04	-3.26449e-15	
984	9.772800e+00	-2.35679e-14	-6.68715e-04	-3.43687e-15	
985	9.782800e+00	-3.60469e-14	-6.68715e-04	-3.26628e-15	
986	9.792800e+00	-4.47735e-14	-6.68715e-04	-2.91025e-15	
987	9.802800e+00	-5.69104e-14	-6.68715e-04	-2.70605e-15	
988	9.812800e+00	-6.51855e-14	-6.68715e-04	-2.19130e-15	
989	9.822800e+00	-7.67895e-14	-6.68715e-04	-2.35328e-15	
990	9.832800e+00	-8.44339e-14	-6.68715e-04	-1.43039e-15	
991	9.842800e+00	-9.53400e-14	-6.68715e-04	-1.41076e-15	
992	9.852800e+00	-1.02189e-13	-6.68715e-04	-1.42348e-15	
993	9.862800e+00	-1.12243e-13	-6.68715e-04	-8.16644e-16	
994	9.872800e+00	-1.18151e-13	-6.68715e-04	-1.23191e-16	
995	9.882800e+00	-1.27202e-13	-6.68715e-04	-1.85700e-16	
996	9.892800e+00	-1.32045e-13	-6.68715e-04	-1.54221e-16	
997	9.902800e+00	-1.39978e-13	-6.68715e-04	-1.65261e-16	
998	9.912800e+00	-1.43636e-13	-6.68715e-04	3.660122e-16	
999	9.922800e+00	-1.50356e-13	-6.68715e-04	3.648171e-16	
1000	9.932800e+00	-1.52755e-13	-6.68715e-04	8.972533e-16	
1001	9.942800e+00	-1.58163e-13	-6.68715e-04	8.924798e-16	
1002	9.952800e+00	-1.59240e-13	-6.68715e-04	5.370753e-16	
1003	9.962800e+00	-1.63291e-13	-6.68715e-04	7.260573e-16	
1004	9.972800e+00	-1.63006e-13	-6.68715e-04	3.606115e-16	
1005	9.982800e+00	-1.65665e-13	-6.68715e-04	6.781211e-16	
1006	9.992800e+00	-1.64002e-13	-6.68715e-04	1.092126e-15	
1007	1.000000e+01	-1.65431e-13	-6.68715e-04	-2.04171e-16	

                      * c:\esimavkk\flashadc\flashadc.cir
                      Transient Analysis  Sat Oct 08 15:36:52  2022
--------------------------------------------------------------------------------
Index   time            v4#branch       
--------------------------------------------------------------------------------
0	0.000000e+00	-7.74541e-16	
1	1.000000e-04	7.091412e-14	
2	2.000000e-04	9.320297e-14	
3	4.000000e-04	1.098782e-13	
4	8.000000e-04	1.320138e-13	
5	1.600000e-03	1.502661e-13	
6	3.200000e-03	1.526290e-13	
7	6.400000e-03	1.543086e-13	
8	1.280000e-02	1.536311e-13	
9	2.280000e-02	1.513949e-13	
10	3.280000e-02	1.495877e-13	
11	4.280000e-02	1.468718e-13	
12	5.280000e-02	1.437467e-13	
13	6.280000e-02	1.396793e-13	
14	7.280000e-02	1.350432e-13	
15	8.280000e-02	1.296288e-13	
16	9.280000e-02	1.240208e-13	
17	1.028000e-01	1.182496e-13	
18	1.128000e-01	1.119078e-13	
19	1.228000e-01	1.042047e-13	
20	1.328000e-01	9.780076e-14	
21	1.428000e-01	8.978686e-14	
22	1.528000e-01	8.196870e-14	
23	1.628000e-01	7.393125e-14	
24	1.728000e-01	6.579156e-14	
25	1.828000e-01	5.719637e-14	
26	1.928000e-01	4.914910e-14	
27	2.028000e-01	4.116928e-14	
28	2.128000e-01	3.202690e-14	
29	2.228000e-01	2.388173e-14	
30	2.328000e-01	1.546536e-14	
31	2.428000e-01	6.701332e-15	
32	2.528000e-01	-1.52936e-15	
33	2.628000e-01	-9.92242e-15	
34	2.728000e-01	-1.90350e-14	
35	2.828000e-01	-2.70062e-14	
36	2.928000e-01	-3.59224e-14	
37	3.028000e-01	-4.40072e-14	
38	3.128000e-01	-5.28018e-14	
39	3.228000e-01	-6.13015e-14	
40	3.328000e-01	-6.95235e-14	
41	3.428000e-01	-7.78515e-14	
42	3.528000e-01	-8.63143e-14	
43	3.628000e-01	-9.41716e-14	
44	3.728000e-01	-1.02796e-13	
45	3.828000e-01	-1.10433e-13	
46	3.928000e-01	-1.16868e-13	
47	4.028000e-01	-1.23452e-13	
48	4.128000e-01	-1.29861e-13	
49	4.228000e-01	-1.35164e-13	
50	4.328000e-01	-1.40310e-13	
51	4.428000e-01	-1.44653e-13	
52	4.528000e-01	-1.48476e-13	
53	4.628000e-01	-1.52312e-13	
54	4.728000e-01	-1.54824e-13	

Index   time            v4#branch       
--------------------------------------------------------------------------------
55	4.828000e-01	-1.57348e-13	
56	4.928000e-01	-1.59057e-13	
57	5.028000e-01	-1.59727e-13	
58	5.128000e-01	-1.59719e-13	
59	5.228000e-01	-1.58827e-13	
60	5.328000e-01	-1.58243e-13	
61	5.428000e-01	-1.56304e-13	
62	5.528000e-01	-1.54338e-13	
63	5.628000e-01	-1.51364e-13	
64	5.728000e-01	-1.47129e-13	
65	5.828000e-01	-1.43529e-13	
66	5.928000e-01	-1.38545e-13	
67	6.028000e-01	-1.33396e-13	
68	6.128000e-01	-1.27715e-13	
69	6.228000e-01	-1.20708e-13	
70	6.328000e-01	-1.14328e-13	
71	6.428000e-01	-1.06046e-13	
72	6.528000e-01	-9.83221e-14	
73	6.628000e-01	-8.75481e-14	
74	6.728000e-01	-8.03262e-14	
75	6.828000e-01	-7.01201e-14	
76	6.928000e-01	-6.02349e-14	
77	7.028000e-01	-5.05760e-14	
78	7.128000e-01	-4.08728e-14	
79	7.228000e-01	-3.02018e-14	
80	7.328000e-01	-1.99585e-14	
81	7.428000e-01	-9.19587e-15	
82	7.528000e-01	6.515587e-16	
83	7.628000e-01	1.075001e-14	
84	7.728000e-01	2.142685e-14	
85	7.828000e-01	3.138918e-14	
86	7.928000e-01	4.126902e-14	
87	8.028000e-01	5.216169e-14	
88	8.128000e-01	6.182404e-14	
89	8.228000e-01	7.009217e-14	
90	8.328000e-01	8.016137e-14	
91	8.428000e-01	8.917676e-14	
92	8.528000e-01	9.622811e-14	
93	8.628000e-01	1.048341e-13	
94	8.728000e-01	1.121671e-13	
95	8.828000e-01	1.196569e-13	
96	8.928000e-01	1.261274e-13	
97	9.028000e-01	1.320471e-13	
98	9.128000e-01	1.371102e-13	
99	9.228000e-01	1.418555e-13	
100	9.328000e-01	1.460142e-13	
101	9.428000e-01	1.488513e-13	
102	9.528000e-01	1.516306e-13	
103	9.628000e-01	1.546861e-13	
104	9.728000e-01	1.558686e-13	
105	9.828000e-01	1.570510e-13	
106	9.928000e-01	1.568310e-13	
107	1.002800e+00	1.562653e-13	
108	1.012800e+00	1.552881e-13	
109	1.022800e+00	1.537182e-13	
110	1.032800e+00	1.515019e-13	
111	1.042800e+00	1.490417e-13	
112	1.052800e+00	1.449090e-13	

Index   time            v4#branch       
--------------------------------------------------------------------------------
113	1.062800e+00	1.405251e-13	
114	1.072800e+00	1.354183e-13	
115	1.082800e+00	1.303534e-13	
116	1.092800e+00	1.245716e-13	
117	1.102800e+00	1.191556e-13	
118	1.112800e+00	1.117213e-13	
119	1.122800e+00	1.056091e-13	
120	1.132800e+00	9.742527e-14	
121	1.142800e+00	9.034200e-14	
122	1.152800e+00	8.201739e-14	
123	1.162800e+00	7.451688e-14	
124	1.172800e+00	6.594611e-14	
125	1.182800e+00	5.781945e-14	
126	1.192800e+00	4.965816e-14	
127	1.202800e+00	4.162834e-14	
128	1.212800e+00	3.198021e-14	
129	1.222800e+00	2.373231e-14	
130	1.232800e+00	1.484237e-14	
131	1.242800e+00	7.288519e-15	
132	1.252800e+00	-1.75197e-15	
133	1.262800e+00	-8.98227e-15	
134	1.272800e+00	-1.86456e-14	
135	1.282800e+00	-2.70829e-14	
136	1.292800e+00	-3.61267e-14	
137	1.302800e+00	-4.41239e-14	
138	1.312800e+00	-5.29172e-14	
139	1.322800e+00	-6.10748e-14	
140	1.332800e+00	-6.96014e-14	
141	1.342800e+00	-7.73722e-14	
142	1.352800e+00	-8.71118e-14	
143	1.362800e+00	-9.26499e-14	
144	1.372800e+00	-1.02717e-13	
145	1.382800e+00	-1.07691e-13	
146	1.392800e+00	-1.17215e-13	
147	1.402800e+00	-1.22171e-13	
148	1.412800e+00	-1.29572e-13	
149	1.422800e+00	-1.34520e-13	
150	1.432800e+00	-1.40134e-13	
151	1.442800e+00	-1.44687e-13	
152	1.452800e+00	-1.48714e-13	
153	1.462800e+00	-1.51891e-13	
154	1.472800e+00	-1.54820e-13	
155	1.482800e+00	-1.56815e-13	
156	1.492800e+00	-1.59543e-13	
157	1.502800e+00	-1.59511e-13	
158	1.512800e+00	-1.60244e-13	
159	1.522800e+00	-1.58964e-13	
160	1.532800e+00	-1.58485e-13	
161	1.542800e+00	-1.56003e-13	
162	1.552800e+00	-1.54386e-13	
163	1.562800e+00	-1.50875e-13	
164	1.572800e+00	-1.47538e-13	
165	1.582800e+00	-1.43273e-13	
166	1.592800e+00	-1.38948e-13	
167	1.602800e+00	-1.33126e-13	
168	1.612800e+00	-1.27377e-13	
169	1.622800e+00	-1.19844e-13	
170	1.632800e+00	-1.13883e-13	

Index   time            v4#branch       
--------------------------------------------------------------------------------
171	1.642800e+00	-1.04334e-13	
172	1.652800e+00	-9.77476e-14	
173	1.662800e+00	-8.77808e-14	
174	1.672800e+00	-7.99680e-14	
175	1.682800e+00	-6.97635e-14	
176	1.692800e+00	-6.08786e-14	
177	1.702800e+00	-5.05436e-14	
178	1.712800e+00	-4.12491e-14	
179	1.722800e+00	-3.02275e-14	
180	1.732800e+00	-2.06500e-14	
181	1.742800e+00	-8.91709e-15	
182	1.752800e+00	5.066266e-16	
183	1.762800e+00	1.122267e-14	
184	1.772800e+00	2.121609e-14	
185	1.782800e+00	3.204309e-14	
186	1.792800e+00	4.169247e-14	
187	1.802800e+00	5.256026e-14	
188	1.812800e+00	6.121217e-14	
189	1.822800e+00	7.159768e-14	
190	1.832800e+00	7.986360e-14	
191	1.842800e+00	8.941060e-14	
192	1.852800e+00	9.685854e-14	
193	1.862800e+00	1.049599e-13	
194	1.872800e+00	1.126396e-13	
195	1.882800e+00	1.197600e-13	
196	1.892800e+00	1.258519e-13	
197	1.902800e+00	1.312858e-13	
198	1.912800e+00	1.367622e-13	
199	1.922800e+00	1.421165e-13	
200	1.932800e+00	1.455823e-13	
201	1.942800e+00	1.495935e-13	
202	1.952800e+00	1.516033e-13	
203	1.962800e+00	1.548967e-13	
204	1.972800e+00	1.558879e-13	
205	1.982800e+00	1.568682e-13	
206	1.992800e+00	1.568719e-13	
207	2.002800e+00	1.569327e-13	
208	2.012800e+00	1.553893e-13	
209	2.022800e+00	1.544891e-13	
210	2.032800e+00	1.510863e-13	
211	2.042800e+00	1.491637e-13	
212	2.052800e+00	1.443797e-13	
213	2.062800e+00	1.405123e-13	
214	2.072800e+00	1.356315e-13	
215	2.082800e+00	1.304864e-13	
216	2.092800e+00	1.247134e-13	
217	2.102800e+00	1.191946e-13	
218	2.112800e+00	1.119346e-13	
219	2.122800e+00	1.056326e-13	
220	2.132800e+00	9.765384e-14	
221	2.142800e+00	9.043714e-14	
222	2.152800e+00	8.231008e-14	
223	2.162800e+00	7.473363e-14	
224	2.172800e+00	6.622862e-14	
225	2.182800e+00	5.831545e-14	
226	2.192800e+00	4.990186e-14	
227	2.202800e+00	4.171811e-14	
228	2.212800e+00	3.215590e-14	

Index   time            v4#branch       
--------------------------------------------------------------------------------
229	2.222800e+00	2.476868e-14	
230	2.232800e+00	1.494012e-14	
231	2.242800e+00	7.303313e-15	
232	2.252800e+00	-1.66913e-15	
233	2.262800e+00	-9.81426e-15	
234	2.272800e+00	-1.91784e-14	
235	2.282800e+00	-2.66723e-14	
236	2.292800e+00	-3.59168e-14	
237	2.302800e+00	-4.35207e-14	
238	2.312800e+00	-5.30831e-14	
239	2.322800e+00	-6.08452e-14	
240	2.332800e+00	-7.00349e-14	
241	2.342800e+00	-7.74840e-14	
242	2.352800e+00	-8.62878e-14	
243	2.362800e+00	-9.26675e-14	
244	2.372800e+00	-1.01951e-13	
245	2.382800e+00	-1.07276e-13	
246	2.392800e+00	-1.16024e-13	
247	2.402800e+00	-1.21381e-13	
248	2.412800e+00	-1.29412e-13	
249	2.422800e+00	-1.34029e-13	
250	2.432800e+00	-1.39149e-13	
251	2.442800e+00	-1.44546e-13	
252	2.452800e+00	-1.48615e-13	
253	2.462800e+00	-1.52337e-13	
254	2.472800e+00	-1.55047e-13	
255	2.482800e+00	-1.57184e-13	
256	2.492800e+00	-1.58720e-13	
257	2.502800e+00	-1.59624e-13	
258	2.512800e+00	-1.60083e-13	
259	2.522800e+00	-1.58940e-13	
260	2.532800e+00	-1.58191e-13	
261	2.542800e+00	-1.55893e-13	
262	2.552800e+00	-1.54273e-13	
263	2.562800e+00	-1.51182e-13	
264	2.572800e+00	-1.47383e-13	
265	2.582800e+00	-1.43704e-13	
266	2.592800e+00	-1.38985e-13	
267	2.602800e+00	-1.31996e-13	
268	2.612800e+00	-1.26735e-13	
269	2.622800e+00	-1.19400e-13	
270	2.632800e+00	-1.13270e-13	
271	2.642800e+00	-1.04382e-13	
272	2.652800e+00	-9.73787e-14	
273	2.662800e+00	-8.76058e-14	
274	2.672800e+00	-7.99019e-14	
275	2.682800e+00	-6.96725e-14	
276	2.692800e+00	-6.11710e-14	
277	2.702800e+00	-5.03021e-14	
278	2.712800e+00	-4.13816e-14	
279	2.722800e+00	-2.97053e-14	
280	2.732800e+00	-2.07525e-14	
281	2.742800e+00	-9.27173e-15	
282	2.752800e+00	1.143755e-16	
283	2.762800e+00	1.124762e-14	
284	2.772800e+00	2.124511e-14	
285	2.782800e+00	3.226456e-14	
286	2.792800e+00	4.149418e-14	

Index   time            v4#branch       
--------------------------------------------------------------------------------
287	2.802800e+00	5.293311e-14	
288	2.812800e+00	6.157398e-14	
289	2.822800e+00	7.149852e-14	
290	2.832800e+00	7.996153e-14	
291	2.842800e+00	8.995555e-14	
292	2.852800e+00	9.657751e-14	
293	2.862800e+00	1.061980e-13	
294	2.872800e+00	1.119972e-13	
295	2.882800e+00	1.197814e-13	
296	2.892800e+00	1.258411e-13	
297	2.902800e+00	1.316661e-13	
298	2.912800e+00	1.368342e-13	
299	2.922800e+00	1.423208e-13	
300	2.932800e+00	1.452699e-13	
301	2.942800e+00	1.496672e-13	
302	2.952800e+00	1.515961e-13	
303	2.962800e+00	1.548822e-13	
304	2.972800e+00	1.559054e-13	
305	2.982800e+00	1.570186e-13	
306	2.992800e+00	1.566909e-13	
307	3.002800e+00	1.569212e-13	
308	3.012800e+00	1.547434e-13	
309	3.022800e+00	1.542202e-13	
310	3.032800e+00	1.513429e-13	
311	3.042800e+00	1.490447e-13	
312	3.052800e+00	1.448678e-13	
313	3.062800e+00	1.415148e-13	
314	3.072800e+00	1.356413e-13	
315	3.082800e+00	1.307947e-13	
316	3.092800e+00	1.247777e-13	
317	3.102800e+00	1.197345e-13	
318	3.112800e+00	1.118601e-13	
319	3.122800e+00	1.057367e-13	
320	3.132800e+00	9.728959e-14	
321	3.142800e+00	9.054859e-14	
322	3.152800e+00	8.194629e-14	
323	3.162800e+00	7.536095e-14	
324	3.172800e+00	6.615470e-14	
325	3.182800e+00	5.837007e-14	
326	3.192800e+00	4.929034e-14	
327	3.202800e+00	4.218262e-14	
328	3.212800e+00	3.209310e-14	
329	3.222800e+00	2.442291e-14	
330	3.232800e+00	1.492404e-14	
331	3.242800e+00	7.260900e-15	
332	3.252800e+00	-1.75838e-15	
333	3.262800e+00	-9.73465e-15	
334	3.272800e+00	-1.89043e-14	
335	3.282800e+00	-2.66835e-14	
336	3.292800e+00	-3.54302e-14	
337	3.302800e+00	-4.29178e-14	
338	3.312800e+00	-5.35457e-14	
339	3.322800e+00	-6.09830e-14	
340	3.332800e+00	-7.00190e-14	
341	3.342800e+00	-7.74350e-14	
342	3.352800e+00	-8.61820e-14	
343	3.362800e+00	-9.26392e-14	
344	3.372800e+00	-1.01776e-13	

Index   time            v4#branch       
--------------------------------------------------------------------------------
345	3.382800e+00	-1.07454e-13	
346	3.392800e+00	-1.16309e-13	
347	3.402800e+00	-1.21546e-13	
348	3.412800e+00	-1.28756e-13	
349	3.422800e+00	-1.33384e-13	
350	3.432800e+00	-1.38943e-13	
351	3.442800e+00	-1.44087e-13	
352	3.452800e+00	-1.48272e-13	
353	3.462800e+00	-1.51194e-13	
354	3.472800e+00	-1.54115e-13	
355	3.482800e+00	-1.56288e-13	
356	3.492800e+00	-1.57969e-13	
357	3.502800e+00	-1.59068e-13	
358	3.512800e+00	-1.59275e-13	
359	3.522800e+00	-1.58818e-13	
360	3.532800e+00	-1.57532e-13	
361	3.542800e+00	-1.55955e-13	
362	3.552800e+00	-1.53703e-13	
363	3.562800e+00	-1.49981e-13	
364	3.572800e+00	-1.46532e-13	
365	3.582800e+00	-1.41853e-13	
366	3.592800e+00	-1.37904e-13	
367	3.602800e+00	-1.31225e-13	
368	3.612800e+00	-1.26748e-13	
369	3.622800e+00	-1.18147e-13	
370	3.632800e+00	-1.13100e-13	
371	3.642800e+00	-1.03780e-13	
372	3.652800e+00	-9.73252e-14	
373	3.662800e+00	-8.72580e-14	
374	3.672800e+00	-7.99336e-14	
375	3.682800e+00	-6.96092e-14	
376	3.692800e+00	-6.11325e-14	
377	3.702800e+00	-5.00825e-14	
378	3.712800e+00	-4.14892e-14	
379	3.722800e+00	-2.96523e-14	
380	3.732800e+00	-2.06965e-14	
381	3.742800e+00	-8.32899e-15	
382	3.752800e+00	4.270235e-16	
383	3.762800e+00	1.086198e-14	
384	3.772800e+00	2.128249e-14	
385	3.782800e+00	3.229677e-14	
386	3.792800e+00	4.142127e-14	
387	3.802800e+00	5.247850e-14	
388	3.812800e+00	6.114142e-14	
389	3.822800e+00	7.091710e-14	
390	3.832800e+00	7.945529e-14	
391	3.842800e+00	9.002844e-14	
392	3.852800e+00	9.613833e-14	
393	3.862800e+00	1.057994e-13	
394	3.872800e+00	1.114580e-13	
395	3.882800e+00	1.201592e-13	
396	3.892800e+00	1.254641e-13	
397	3.902800e+00	1.324320e-13	
398	3.912800e+00	1.370345e-13	
399	3.922800e+00	1.427886e-13	
400	3.932800e+00	1.454275e-13	
401	3.942800e+00	1.503754e-13	
402	3.952800e+00	1.513834e-13	

Index   time            v4#branch       
--------------------------------------------------------------------------------
403	3.962800e+00	1.551189e-13	
404	3.972800e+00	1.555530e-13	
405	3.982800e+00	1.582649e-13	
406	3.992800e+00	1.569092e-13	
407	4.002800e+00	1.577738e-13	
408	4.012800e+00	1.551499e-13	
409	4.022800e+00	1.550080e-13	
410	4.032800e+00	1.514942e-13	
411	4.042800e+00	1.495358e-13	
412	4.052800e+00	1.450548e-13	
413	4.062800e+00	1.412952e-13	
414	4.072800e+00	1.356304e-13	
415	4.082800e+00	1.316413e-13	
416	4.092800e+00	1.249079e-13	
417	4.102800e+00	1.194927e-13	
418	4.112800e+00	1.115975e-13	
419	4.122800e+00	1.059918e-13	
420	4.132800e+00	9.742199e-14	
421	4.142800e+00	9.068087e-14	
422	4.152800e+00	8.246065e-14	
423	4.162800e+00	7.496881e-14	
424	4.172800e+00	6.580837e-14	
425	4.182800e+00	5.809678e-14	
426	4.192800e+00	4.877224e-14	
427	4.202800e+00	4.166889e-14	
428	4.212800e+00	3.177307e-14	
429	4.222800e+00	2.479432e-14	
430	4.232800e+00	1.501619e-14	
431	4.242800e+00	7.453615e-15	
432	4.252800e+00	-2.29606e-15	
433	4.262800e+00	-9.34096e-15	
434	4.272800e+00	-1.86771e-14	
435	4.282800e+00	-2.64245e-14	
436	4.292800e+00	-3.58262e-14	
437	4.302800e+00	-4.29159e-14	
438	4.312800e+00	-5.32366e-14	
439	4.322800e+00	-6.03928e-14	
440	4.332800e+00	-6.98756e-14	
441	4.342800e+00	-7.68088e-14	
442	4.352800e+00	-8.60093e-14	
443	4.362800e+00	-9.24084e-14	
444	4.372800e+00	-1.01537e-13	
445	4.382800e+00	-1.07307e-13	
446	4.392800e+00	-1.16005e-13	
447	4.402800e+00	-1.20821e-13	
448	4.412800e+00	-1.28419e-13	
449	4.422800e+00	-1.32958e-13	
450	4.432800e+00	-1.39133e-13	
451	4.442800e+00	-1.42838e-13	
452	4.452800e+00	-1.47569e-13	
453	4.462800e+00	-1.50217e-13	
454	4.472800e+00	-1.54064e-13	
455	4.482800e+00	-1.55577e-13	
456	4.492800e+00	-1.58319e-13	
457	4.502800e+00	-1.57420e-13	
458	4.512800e+00	-1.59228e-13	
459	4.522800e+00	-1.57314e-13	
460	4.532800e+00	-1.56950e-13	

Index   time            v4#branch       
--------------------------------------------------------------------------------
461	4.542800e+00	-1.54869e-13	
462	4.552800e+00	-1.53455e-13	
463	4.562800e+00	-1.49567e-13	
464	4.572800e+00	-1.46145e-13	
465	4.582800e+00	-1.41357e-13	
466	4.592800e+00	-1.37911e-13	
467	4.602800e+00	-1.31059e-13	
468	4.612800e+00	-1.26629e-13	
469	4.622800e+00	-1.18613e-13	
470	4.632800e+00	-1.13138e-13	
471	4.642800e+00	-1.03591e-13	
472	4.652800e+00	-9.72647e-14	
473	4.662800e+00	-8.76745e-14	
474	4.672800e+00	-7.98322e-14	
475	4.682800e+00	-6.93353e-14	
476	4.692800e+00	-6.13215e-14	
477	4.702800e+00	-4.97224e-14	
478	4.712800e+00	-4.16772e-14	
479	4.722800e+00	-2.93851e-14	
480	4.732800e+00	-2.09466e-14	
481	4.742800e+00	-9.00662e-15	
482	4.752800e+00	-1.23132e-16	
483	4.762800e+00	1.169453e-14	
484	4.772800e+00	2.117098e-14	
485	4.782800e+00	3.219982e-14	
486	4.792800e+00	4.108967e-14	
487	4.802800e+00	5.248802e-14	
488	4.812800e+00	6.136188e-14	
489	4.822800e+00	7.150915e-14	
490	4.832800e+00	7.945434e-14	
491	4.842800e+00	9.012342e-14	
492	4.852800e+00	9.614119e-14	
493	4.862800e+00	1.057208e-13	
494	4.872800e+00	1.113073e-13	
495	4.882800e+00	1.205475e-13	
496	4.892800e+00	1.249603e-13	
497	4.902800e+00	1.326342e-13	
498	4.912800e+00	1.368651e-13	
499	4.922800e+00	1.432719e-13	
500	4.932800e+00	1.452933e-13	
501	4.942800e+00	1.501413e-13	
502	4.952800e+00	1.516633e-13	
503	4.962800e+00	1.557566e-13	
504	4.972800e+00	1.554032e-13	
505	4.982800e+00	1.579099e-13	
506	4.992800e+00	1.570937e-13	
507	5.002800e+00	1.575618e-13	
508	5.012800e+00	1.555386e-13	
509	5.022800e+00	1.550531e-13	
510	5.032800e+00	1.515023e-13	
511	5.042800e+00	1.502106e-13	
512	5.052800e+00	1.453345e-13	
513	5.062800e+00	1.414931e-13	
514	5.072800e+00	1.352041e-13	
515	5.082800e+00	1.314084e-13	
516	5.092800e+00	1.250220e-13	
517	5.102800e+00	1.193850e-13	
518	5.112800e+00	1.119427e-13	

Index   time            v4#branch       
--------------------------------------------------------------------------------
519	5.122800e+00	1.060904e-13	
520	5.132800e+00	9.699053e-14	
521	5.142800e+00	9.047213e-14	
522	5.152800e+00	8.257272e-14	
523	5.162800e+00	7.507555e-14	
524	5.172800e+00	6.570671e-14	
525	5.182800e+00	5.778760e-14	
526	5.192800e+00	4.847629e-14	
527	5.202800e+00	4.145696e-14	
528	5.212800e+00	3.214241e-14	
529	5.222800e+00	2.481154e-14	
530	5.232800e+00	1.473413e-14	
531	5.242800e+00	6.791542e-15	
532	5.252800e+00	-1.94861e-15	
533	5.262800e+00	-9.49234e-15	
534	5.272800e+00	-1.90420e-14	
535	5.282800e+00	-2.60565e-14	
536	5.292800e+00	-3.54284e-14	
537	5.302800e+00	-4.28982e-14	
538	5.312800e+00	-5.32744e-14	
539	5.322800e+00	-6.04100e-14	
540	5.332800e+00	-6.99880e-14	
541	5.342800e+00	-7.69109e-14	
542	5.352800e+00	-8.59310e-14	
543	5.362800e+00	-9.25106e-14	
544	5.372800e+00	-1.02038e-13	
545	5.382800e+00	-1.07254e-13	
546	5.392800e+00	-1.16175e-13	
547	5.402800e+00	-1.20808e-13	
548	5.412800e+00	-1.29156e-13	
549	5.422800e+00	-1.32943e-13	
550	5.432800e+00	-1.38923e-13	
551	5.442800e+00	-1.42900e-13	
552	5.452800e+00	-1.48020e-13	
553	5.462800e+00	-1.50235e-13	
554	5.472800e+00	-1.54315e-13	
555	5.482800e+00	-1.55635e-13	
556	5.492800e+00	-1.58321e-13	
557	5.502800e+00	-1.57666e-13	
558	5.512800e+00	-1.59886e-13	
559	5.522800e+00	-1.57474e-13	
560	5.532800e+00	-1.57312e-13	
561	5.542800e+00	-1.54587e-13	
562	5.552800e+00	-1.53452e-13	
563	5.562800e+00	-1.49434e-13	
564	5.572800e+00	-1.46575e-13	
565	5.582800e+00	-1.41499e-13	
566	5.592800e+00	-1.37922e-13	
567	5.602800e+00	-1.31348e-13	
568	5.612800e+00	-1.26310e-13	
569	5.622800e+00	-1.18169e-13	
570	5.632800e+00	-1.13192e-13	
571	5.642800e+00	-1.03694e-13	
572	5.652800e+00	-9.73172e-14	
573	5.662800e+00	-8.70973e-14	
574	5.672800e+00	-8.01227e-14	
575	5.682800e+00	-6.94265e-14	
576	5.692800e+00	-6.08797e-14	

Index   time            v4#branch       
--------------------------------------------------------------------------------
577	5.702800e+00	-4.93356e-14	
578	5.712800e+00	-4.15508e-14	
579	5.722800e+00	-2.95877e-14	
580	5.732800e+00	-2.08698e-14	
581	5.742800e+00	-8.80347e-15	
582	5.752800e+00	-6.15183e-17	
583	5.762800e+00	1.189580e-14	
584	5.772800e+00	2.121968e-14	
585	5.782800e+00	3.275565e-14	
586	5.792800e+00	4.134007e-14	
587	5.802800e+00	5.290057e-14	
588	5.812800e+00	6.094660e-14	
589	5.822800e+00	7.186371e-14	
590	5.832800e+00	7.944426e-14	
591	5.842800e+00	8.964626e-14	
592	5.852800e+00	9.629219e-14	
593	5.862800e+00	1.055460e-13	
594	5.872800e+00	1.108492e-13	
595	5.882800e+00	1.201332e-13	
596	5.892800e+00	1.251675e-13	
597	5.902800e+00	1.322611e-13	
598	5.912800e+00	1.369578e-13	
599	5.922800e+00	1.431671e-13	
600	5.932800e+00	1.458679e-13	
601	5.942800e+00	1.506207e-13	
602	5.952800e+00	1.518264e-13	
603	5.962800e+00	1.559535e-13	
604	5.972800e+00	1.561609e-13	
605	5.982800e+00	1.577063e-13	
606	5.992800e+00	1.572150e-13	
607	6.002800e+00	1.577994e-13	
608	6.012800e+00	1.550456e-13	
609	6.022800e+00	1.550977e-13	
610	6.032800e+00	1.519671e-13	
611	6.042800e+00	1.498275e-13	
612	6.052800e+00	1.454081e-13	
613	6.062800e+00	1.407577e-13	
614	6.072800e+00	1.357552e-13	
615	6.082800e+00	1.311981e-13	
616	6.092800e+00	1.250330e-13	
617	6.102800e+00	1.195487e-13	
618	6.112800e+00	1.114427e-13	
619	6.122800e+00	1.061141e-13	
620	6.132800e+00	9.779763e-14	
621	6.142800e+00	9.098504e-14	
622	6.152800e+00	8.236104e-14	
623	6.162800e+00	7.509318e-14	
624	6.172800e+00	6.529801e-14	
625	6.182800e+00	5.862970e-14	
626	6.192800e+00	4.826697e-14	
627	6.202800e+00	4.163380e-14	
628	6.212800e+00	3.153361e-14	
629	6.222800e+00	2.478182e-14	
630	6.232800e+00	1.441086e-14	
631	6.242800e+00	7.662754e-15	
632	6.252800e+00	-2.27048e-15	
633	6.262800e+00	-9.34808e-15	
634	6.272800e+00	-1.91919e-14	

Index   time            v4#branch       
--------------------------------------------------------------------------------
635	6.282800e+00	-2.62986e-14	
636	6.292800e+00	-3.54311e-14	
637	6.302800e+00	-4.28345e-14	
638	6.312800e+00	-5.35597e-14	
639	6.322800e+00	-6.03995e-14	
640	6.332800e+00	-6.98524e-14	
641	6.342800e+00	-7.69209e-14	
642	6.352800e+00	-8.60111e-14	
643	6.362800e+00	-9.28707e-14	
644	6.372800e+00	-1.01947e-13	
645	6.382800e+00	-1.07459e-13	
646	6.392800e+00	-1.16356e-13	
647	6.402800e+00	-1.20449e-13	
648	6.412800e+00	-1.29043e-13	
649	6.422800e+00	-1.33258e-13	
650	6.432800e+00	-1.39438e-13	
651	6.442800e+00	-1.42640e-13	
652	6.452800e+00	-1.48548e-13	
653	6.462800e+00	-1.50369e-13	
654	6.472800e+00	-1.54937e-13	
655	6.482800e+00	-1.55571e-13	
656	6.492800e+00	-1.59971e-13	
657	6.502800e+00	-1.57187e-13	
658	6.512800e+00	-1.60770e-13	
659	6.522800e+00	-1.57248e-13	
660	6.532800e+00	-1.58882e-13	
661	6.542800e+00	-1.54499e-13	
662	6.552800e+00	-1.53498e-13	
663	6.562800e+00	-1.49613e-13	
664	6.572800e+00	-1.46733e-13	
665	6.582800e+00	-1.41339e-13	
666	6.592800e+00	-1.38121e-13	
667	6.602800e+00	-1.31226e-13	
668	6.612800e+00	-1.26308e-13	
669	6.622800e+00	-1.18499e-13	
670	6.632800e+00	-1.12831e-13	
671	6.642800e+00	-1.03635e-13	
672	6.652800e+00	-9.75773e-14	
673	6.662800e+00	-8.72907e-14	
674	6.672800e+00	-7.98896e-14	
675	6.682800e+00	-6.97386e-14	
676	6.692800e+00	-6.11641e-14	
677	6.702800e+00	-4.92147e-14	
678	6.712800e+00	-4.12560e-14	
679	6.722800e+00	-2.97666e-14	
680	6.732800e+00	-2.10936e-14	
681	6.742800e+00	-8.85653e-15	
682	6.752800e+00	-7.17467e-17	
683	6.762800e+00	1.167875e-14	
684	6.772800e+00	2.060073e-14	
685	6.782800e+00	3.236415e-14	
686	6.792800e+00	4.115330e-14	
687	6.802800e+00	5.259332e-14	
688	6.812800e+00	6.087879e-14	
689	6.822800e+00	7.207084e-14	
690	6.832800e+00	7.950759e-14	
691	6.842800e+00	8.959391e-14	
692	6.852800e+00	9.606728e-14	

Index   time            v4#branch       
--------------------------------------------------------------------------------
693	6.862800e+00	1.056673e-13	
694	6.872800e+00	1.110513e-13	
695	6.882800e+00	1.201828e-13	
696	6.892800e+00	1.254298e-13	
697	6.902800e+00	1.325734e-13	
698	6.912800e+00	1.365135e-13	
699	6.922800e+00	1.427049e-13	
700	6.932800e+00	1.457793e-13	
701	6.942800e+00	1.507685e-13	
702	6.952800e+00	1.521313e-13	
703	6.962800e+00	1.556037e-13	
704	6.972800e+00	1.558300e-13	
705	6.982800e+00	1.580353e-13	
706	6.992800e+00	1.571577e-13	
707	7.002800e+00	1.579659e-13	
708	7.012800e+00	1.557327e-13	
709	7.022800e+00	1.547124e-13	
710	7.032800e+00	1.515043e-13	
711	7.042800e+00	1.501883e-13	
712	7.052800e+00	1.447588e-13	
713	7.062800e+00	1.416797e-13	
714	7.072800e+00	1.353499e-13	
715	7.082800e+00	1.312346e-13	
716	7.092800e+00	1.244323e-13	
717	7.102800e+00	1.191864e-13	
718	7.112800e+00	1.120101e-13	
719	7.122800e+00	1.060086e-13	
720	7.132800e+00	9.703041e-14	
721	7.142800e+00	9.094886e-14	
722	7.152800e+00	8.201589e-14	
723	7.162800e+00	7.521078e-14	
724	7.172800e+00	6.539714e-14	
725	7.182800e+00	5.822112e-14	
726	7.192800e+00	4.861521e-14	
727	7.202800e+00	4.182914e-14	
728	7.212800e+00	3.155795e-14	
729	7.222800e+00	2.471818e-14	
730	7.232800e+00	1.474895e-14	
731	7.242800e+00	7.094612e-15	
732	7.252800e+00	-2.09940e-15	
733	7.262800e+00	-9.24084e-15	
734	7.272800e+00	-1.93967e-14	
735	7.282800e+00	-2.60427e-14	
736	7.292800e+00	-3.58638e-14	
737	7.302800e+00	-4.29987e-14	
738	7.312800e+00	-5.31466e-14	
739	7.322800e+00	-6.06816e-14	
740	7.332800e+00	-7.02847e-14	
741	7.342800e+00	-7.71566e-14	
742	7.352800e+00	-8.64678e-14	
743	7.362800e+00	-9.28217e-14	
744	7.372800e+00	-1.02462e-13	
745	7.382800e+00	-1.07458e-13	
746	7.392800e+00	-1.16114e-13	
747	7.402800e+00	-1.21076e-13	
748	7.412800e+00	-1.29415e-13	
749	7.422800e+00	-1.32729e-13	
750	7.432800e+00	-1.40011e-13	

Index   time            v4#branch       
--------------------------------------------------------------------------------
751	7.442800e+00	-1.42627e-13	
752	7.452800e+00	-1.49003e-13	
753	7.462800e+00	-1.50105e-13	
754	7.472800e+00	-1.56153e-13	
755	7.482800e+00	-1.55453e-13	
756	7.492800e+00	-1.60072e-13	
757	7.502800e+00	-1.57882e-13	
758	7.512800e+00	-1.61429e-13	
759	7.522800e+00	-1.57060e-13	
760	7.532800e+00	-1.59538e-13	
761	7.542800e+00	-1.55247e-13	
762	7.552800e+00	-1.54911e-13	
763	7.562800e+00	-1.49386e-13	
764	7.572800e+00	-1.47454e-13	
765	7.582800e+00	-1.41928e-13	
766	7.592800e+00	-1.38714e-13	
767	7.602800e+00	-1.30774e-13	
768	7.612800e+00	-1.26781e-13	
769	7.622800e+00	-1.18408e-13	
770	7.632800e+00	-1.13147e-13	
771	7.642800e+00	-1.03699e-13	
772	7.652800e+00	-9.77659e-14	
773	7.662800e+00	-8.72278e-14	
774	7.672800e+00	-7.96583e-14	
775	7.682800e+00	-6.93124e-14	
776	7.692800e+00	-6.10769e-14	
777	7.702800e+00	-4.94074e-14	
778	7.712800e+00	-4.13295e-14	
779	7.722800e+00	-2.94393e-14	
780	7.732800e+00	-2.11489e-14	
781	7.742800e+00	-9.10120e-15	
782	7.752800e+00	-1.69880e-16	
783	7.762800e+00	1.184339e-14	
784	7.772800e+00	2.036184e-14	
785	7.782800e+00	3.247388e-14	
786	7.792800e+00	4.092876e-14	
787	7.802800e+00	5.312080e-14	
788	7.812800e+00	6.072468e-14	
789	7.822800e+00	7.172616e-14	
790	7.832800e+00	7.921566e-14	
791	7.842800e+00	8.986276e-14	
792	7.852800e+00	9.631484e-14	
793	7.862800e+00	1.054058e-13	
794	7.872800e+00	1.114127e-13	
795	7.882800e+00	1.205766e-13	
796	7.892800e+00	1.252130e-13	
797	7.902800e+00	1.324114e-13	
798	7.912800e+00	1.370088e-13	
799	7.922800e+00	1.429998e-13	
800	7.932800e+00	1.460753e-13	
801	7.942800e+00	1.503256e-13	
802	7.952800e+00	1.521055e-13	
803	7.962800e+00	1.561861e-13	
804	7.972800e+00	1.552282e-13	
805	7.982800e+00	1.580992e-13	
806	7.992800e+00	1.570051e-13	
807	8.002800e+00	1.580185e-13	
808	8.012800e+00	1.556078e-13	

Index   time            v4#branch       
--------------------------------------------------------------------------------
809	8.022800e+00	1.552581e-13	
810	8.032800e+00	1.514983e-13	
811	8.042800e+00	1.501996e-13	
812	8.052800e+00	1.442911e-13	
813	8.062800e+00	1.411332e-13	
814	8.072800e+00	1.352607e-13	
815	8.082800e+00	1.311765e-13	
816	8.092800e+00	1.241396e-13	
817	8.102800e+00	1.198448e-13	
818	8.112800e+00	1.113864e-13	
819	8.122800e+00	1.063338e-13	
820	8.132800e+00	9.749987e-14	
821	8.142800e+00	9.066976e-14	
822	8.152800e+00	8.156411e-14	
823	8.162800e+00	7.492050e-14	
824	8.172800e+00	6.550719e-14	
825	8.182800e+00	5.802175e-14	
826	8.192800e+00	4.848738e-14	
827	8.202800e+00	4.163548e-14	
828	8.212800e+00	3.139186e-14	
829	8.222800e+00	2.452874e-14	
830	8.232800e+00	1.455464e-14	
831	8.242800e+00	7.385392e-15	
832	8.252800e+00	-2.35698e-15	
833	8.262800e+00	-9.30158e-15	
834	8.272800e+00	-1.94618e-14	
835	8.282800e+00	-2.66160e-14	
836	8.292800e+00	-3.59850e-14	
837	8.302800e+00	-4.31646e-14	
838	8.312800e+00	-5.34379e-14	
839	8.322800e+00	-6.06795e-14	
840	8.332800e+00	-7.02768e-14	
841	8.342800e+00	-7.70257e-14	
842	8.352800e+00	-8.66568e-14	
843	8.362800e+00	-9.27490e-14	
844	8.372800e+00	-1.02478e-13	
845	8.382800e+00	-1.07799e-13	
846	8.392800e+00	-1.16823e-13	
847	8.402800e+00	-1.20431e-13	
848	8.412800e+00	-1.30236e-13	
849	8.422800e+00	-1.33058e-13	
850	8.432800e+00	-1.41010e-13	
851	8.442800e+00	-1.42703e-13	
852	8.452800e+00	-1.49941e-13	
853	8.462800e+00	-1.50429e-13	
854	8.472800e+00	-1.56372e-13	
855	8.482800e+00	-1.55231e-13	
856	8.492800e+00	-1.60390e-13	
857	8.502800e+00	-1.57701e-13	
858	8.512800e+00	-1.61459e-13	
859	8.522800e+00	-1.57376e-13	
860	8.532800e+00	-1.59455e-13	
861	8.542800e+00	-1.54405e-13	
862	8.552800e+00	-1.55885e-13	
863	8.562800e+00	-1.49544e-13	
864	8.572800e+00	-1.48007e-13	
865	8.582800e+00	-1.41312e-13	
866	8.592800e+00	-1.39586e-13	

Index   time            v4#branch       
--------------------------------------------------------------------------------
867	8.602800e+00	-1.30452e-13	
868	8.612800e+00	-1.27486e-13	
869	8.622800e+00	-1.18395e-13	
870	8.632800e+00	-1.13847e-13	
871	8.642800e+00	-1.03878e-13	
872	8.652800e+00	-9.76715e-14	
873	8.662800e+00	-8.69268e-14	
874	8.672800e+00	-7.99859e-14	
875	8.682800e+00	-6.92381e-14	
876	8.692800e+00	-6.08061e-14	
877	8.702800e+00	-4.96516e-14	
878	8.712800e+00	-4.10783e-14	
879	8.722800e+00	-2.97213e-14	
880	8.732800e+00	-2.10380e-14	
881	8.742800e+00	-9.15323e-15	
882	8.752800e+00	1.776595e-16	
883	8.762800e+00	1.173657e-14	
884	8.772800e+00	2.093543e-14	
885	8.782800e+00	3.240362e-14	
886	8.792800e+00	4.118254e-14	
887	8.802800e+00	5.246773e-14	
888	8.812800e+00	6.073186e-14	
889	8.822800e+00	7.197681e-14	
890	8.832800e+00	7.927650e-14	
891	8.842800e+00	8.983054e-14	
892	8.852800e+00	9.660946e-14	
893	8.862800e+00	1.058774e-13	
894	8.872800e+00	1.112417e-13	
895	8.882800e+00	1.202625e-13	
896	8.892800e+00	1.251416e-13	
897	8.902800e+00	1.324432e-13	
898	8.912800e+00	1.370734e-13	
899	8.922800e+00	1.428773e-13	
900	8.932800e+00	1.461835e-13	
901	8.942800e+00	1.508116e-13	
902	8.952800e+00	1.517663e-13	
903	8.962800e+00	1.553444e-13	
904	8.972800e+00	1.560791e-13	
905	8.982800e+00	1.577751e-13	
906	8.992800e+00	1.567716e-13	
907	9.002800e+00	1.577373e-13	
908	9.012800e+00	1.552419e-13	
909	9.022800e+00	1.551244e-13	
910	9.032800e+00	1.518485e-13	
911	9.042800e+00	1.504546e-13	
912	9.052800e+00	1.452450e-13	
913	9.062800e+00	1.413338e-13	
914	9.072800e+00	1.353325e-13	
915	9.082800e+00	1.310764e-13	
916	9.092800e+00	1.239400e-13	
917	9.102800e+00	1.193386e-13	
918	9.112800e+00	1.112890e-13	
919	9.122800e+00	1.062910e-13	
920	9.132800e+00	9.716176e-14	
921	9.142800e+00	9.093881e-14	
922	9.152800e+00	8.147143e-14	
923	9.162800e+00	7.489993e-14	
924	9.172800e+00	6.503134e-14	

Index   time            v4#branch       
--------------------------------------------------------------------------------
925	9.182800e+00	5.819609e-14	
926	9.192800e+00	4.791080e-14	
927	9.202800e+00	4.141047e-14	
928	9.212800e+00	3.133825e-14	
929	9.222800e+00	2.487122e-14	
930	9.232800e+00	1.470836e-14	
931	9.242800e+00	7.003806e-15	
932	9.252800e+00	-2.21716e-15	
933	9.262800e+00	-9.38838e-15	
934	9.272800e+00	-1.95170e-14	
935	9.282800e+00	-2.63828e-14	
936	9.292800e+00	-3.60831e-14	
937	9.302800e+00	-4.28603e-14	
938	9.312800e+00	-5.34762e-14	
939	9.322800e+00	-5.98549e-14	
940	9.332800e+00	-7.06813e-14	
941	9.342800e+00	-7.69128e-14	
942	9.352800e+00	-8.63812e-14	
943	9.362800e+00	-9.27020e-14	
944	9.372800e+00	-1.03094e-13	
945	9.382800e+00	-1.07084e-13	
946	9.392800e+00	-1.18011e-13	
947	9.402800e+00	-1.20909e-13	
948	9.412800e+00	-1.30129e-13	
949	9.422800e+00	-1.32789e-13	
950	9.432800e+00	-1.41092e-13	
951	9.442800e+00	-1.42602e-13	
952	9.452800e+00	-1.50122e-13	
953	9.462800e+00	-1.50255e-13	
954	9.472800e+00	-1.56588e-13	
955	9.482800e+00	-1.55505e-13	
956	9.492800e+00	-1.60376e-13	
957	9.502800e+00	-1.57260e-13	
958	9.512800e+00	-1.61258e-13	
959	9.522800e+00	-1.57506e-13	
960	9.532800e+00	-1.59417e-13	
961	9.542800e+00	-1.54567e-13	
962	9.552800e+00	-1.55749e-13	
963	9.562800e+00	-1.49061e-13	
964	9.572800e+00	-1.48015e-13	
965	9.582800e+00	-1.41514e-13	
966	9.592800e+00	-1.39628e-13	
967	9.602800e+00	-1.30454e-13	
968	9.612800e+00	-1.27972e-13	
969	9.622800e+00	-1.18606e-13	
970	9.632800e+00	-1.14208e-13	
971	9.642800e+00	-1.03526e-13	
972	9.652800e+00	-9.85667e-14	
973	9.662800e+00	-8.71587e-14	
974	9.672800e+00	-8.01844e-14	
975	9.682800e+00	-6.91898e-14	
976	9.692800e+00	-6.12034e-14	
977	9.702800e+00	-4.94957e-14	
978	9.712800e+00	-4.12653e-14	
979	9.722800e+00	-2.96525e-14	
980	9.732800e+00	-2.12960e-14	
981	9.742800e+00	-8.94859e-15	
982	9.752800e+00	2.458125e-16	

Index   time            v4#branch       
--------------------------------------------------------------------------------
983	9.762800e+00	1.162167e-14	
984	9.772800e+00	2.072513e-14	
985	9.782800e+00	3.258058e-14	
986	9.792800e+00	4.098980e-14	
987	9.802800e+00	5.267818e-14	
988	9.812800e+00	6.076181e-14	
989	9.822800e+00	7.229704e-14	
990	9.832800e+00	7.911665e-14	
991	9.842800e+00	8.966215e-14	
992	9.852800e+00	9.633978e-14	
993	9.862800e+00	1.059649e-13	
994	9.872800e+00	1.120196e-13	
995	9.882800e+00	1.205464e-13	
996	9.892800e+00	1.257342e-13	
997	9.902800e+00	1.326685e-13	
998	9.912800e+00	1.370204e-13	
999	9.922800e+00	1.434002e-13	
1000	9.932800e+00	1.458366e-13	
1001	9.942800e+00	1.508119e-13	
1002	9.952800e+00	1.521737e-13	
1003	9.962800e+00	1.553057e-13	
1004	9.972800e+00	1.559445e-13	
1005	9.982800e+00	1.582187e-13	
1006	9.992800e+00	1.569135e-13	
1007	1.000000e+01	1.572281e-13	
